20 0 7 5
20 1 2 7
20 2 4 6
20 3 2 1
20 4 4 3
20 5 1 9
20 6 2 6
20 7 0 2
20 8 5 2
20 9 5 2
20 10 5 7
20 11 6 1
20 12 1 4
20 13 2 0
20 14 0 8
20 15 5 1
20 16 6 1
20 17 0 7
20 18 4 1
20 19 3 2
20 20 5 2
20 21 7 2
20 22 2 5
20 23 3 3
20 24 3 1
20 25 1 2
20 26 4 4
20 27 1 4
20 28 4 5
20 29 1 1
20 30 2 2
20 31 4 6
20 32 7 1
20 33 3 4
20 34 4 5
20 35 3 5
20 36 3 6
20 37 0 7
20 38 7 3
20 39 1 3
20 40 3 0
20 41 0 5
20 42 7 8
20 43 1 1
20 44 1 0
20 45 2 6
20 46 1 0
20 47 0 4
20 48 6 4
20 49 2 4
20 50 4 3
20 51 1 8
20 52 0 3
20 53 1 0
20 54 0 6
20 55 4 2
20 56 1 8
20 57 4 7
20 58 1 4
20 59 3 3
20 60 1 2
20 61 4 9
20 62 3 6
20 63 3 8
20 64 6 1
20 65 3 9
20 66 0 2
20 67 0 3
20 68 1 6
20 69 5 1
20 70 0 5
20 71 1 1
20 72 4 3
20 73 2 4
20 74 6 8
20 75 0 1
20 76 2 0
20 77 4 1
20 78 3 4
20 79 2 5
20 80 5 2
20 81 1 0
20 82 6 2
20 83 3 6
20 84 3 5
20 85 1 0
20 86 2 0
20 87 0 0
20 88 4 3
20 89 3 4
20 90 0 5
20 91 7 6
20 92 1 0
20 93 5 0
20 94 3 6
20 95 3 2
20 96 2 8
20 97 4 0
20 98 5 4
20 99 6 7
20 100 3 4
20 101 3 3
20 102 0 7
20 103 2 1
20 104 4 3
20 105 1 1
20 106 2 7
20 107 3 2
20 108 0 2
20 109 4 6
20 110 1 1
20 111 4 6
20 112 1 1
20 113 3 8
20 114 2 2
20 115 6 9
20 116 4 4
20 117 6 3
20 118 3 2
20 119 3 4
20 120 0 10
20 121 4 1
20 122 1 4
20 123 4 7
20 124 0 1
20 125 2 0
20 126 3 5
20 127 0 5
20 128 4 4
20 129 1 3
20 130 0 10
20 131 2 3
20 132 4 4
20 133 2 3
20 134 6 6
20 135 1 0
20 136 5 4
20 137 4 5
20 138 1 1
20 139 5 4
20 140 2 7
20 141 4 1
20 142 2 1
20 143 4 1
20 144 0 5
20 145 7 1
20 146 7 3
20 147 4 1
20 148 5 5
20 149 5 2
20 150 4 3
20 151 1 6
20 152 2 0
20 153 3 6
20 154 1 5
20 155 2 2
20 156 3 3
20 157 2 2
20 158 4 6
20 159 3 7
20 160 3 2
20 161 0 3
20 162 7 2
20 163 2 3
20 164 6 1
20 165 1 0
20 166 0 1
20 167 7 3
20 168 1 6
20 169 2 3
20 170 2 2
20 171 7 6
20 172 1 7
20 173 4 3
20 174 1 0
20 175 5 4
20 176 0 6
20 177 2 4
20 178 6 8
20 179 3 5
20 180 0 3
20 181 6 3
20 182 6 5
20 183 7 1
20 184 3 3
20 185 2 6
20 186 4 3
20 187 7 1
20 188 1 0
20 189 2 0
20 190 4 3
20 191 1 4
20 192 6 5
20 193 5 1
20 194 4 4
20 195 2 1
20 196 6 2
20 197 2 5
20 198 0 2
20 199 5 3
20 200 6 3
20 201 5 2
20 202 4 3
20 203 1 7
20 204 2 0
20 205 5 1
20 206 6 2
20 207 0 11
20 208 7 1
20 209 4 7
20 210 3 1
20 211 2 5
20 212 6 3
20 213 7 1
20 214 3 2
20 215 5 2
20 216 6 1
20 217 2 3
20 218 6 5
20 219 5 2
20 220 2 2
20 221 2 1
20 222 4 10
20 223 2 3
20 224 0 1
20 225 4 5
20 226 2 1
20 227 1 0
20 228 3 3
20 229 2 0
20 230 1 2
20 231 6 0
20 232 3 5
20 233 4 1
20 234 6 3
20 235 5 3
20 236 5 9
20 237 6 7
20 238 2 2
20 239 6 2
20 240 5 6
20 241 4 2
20 242 3 0
20 243 0 8
20 244 2 3
20 245 5 4
20 246 0 6
20 247 2 5
20 248 6 6
20 249 1 2
20 250 0 0
20 251 2 6
20 252 1 0
20 253 2 2
20 254 0 15
20 255 2 2
20 256 3 4
20 257 5 4
20 258 5 2
20 259 3 5
20 260 1 2
20 261 0 2
20 262 0 0
20 263 5 6
20 264 6 5
20 265 3 1
20 266 1 0
20 267 4 10
20 268 3 6
20 269 0 2
20 270 4 3
20 271 3 6
20 272 3 2
20 273 4 0
20 274 7 1
20 275 0 5
20 276 0 0
20 277 1 4
20 278 3 1
20 279 0 0
20 280 4 4
20 281 3 4
20 282 0 3
20 283 2 3
20 284 0 0
20 285 5 7
20 286 6 1
20 287 3 3
20 288 2 1
20 289 4 2
20 290 2 6
20 291 6 2
20 292 2 1
20 293 4 7
20 294 2 1
20 295 4 3
20 296 0 10
20 297 4 9
20 298 1 4
20 299 3 4
21 0 2 4
21 1 6 4
21 2 4 2
21 3 0 3
21 4 0 1
21 5 6 5
21 6 3 4
21 7 2 2
21 8 0 0
21 9 7 11
21 10 6 1
21 11 7 5
21 12 2 3
21 13 0 9
21 14 6 0
21 15 2 0
21 16 0 1
21 17 2 5
21 18 4 4
21 19 1 2
21 20 6 1
21 21 1 6
21 22 1 1
21 23 1 2
21 24 2 1
21 25 4 0
21 26 4 7
21 27 2 1
21 28 6 7
21 29 2 2
21 30 6 2
21 31 0 0
21 32 7 5
21 33 1 0
21 34 1 2
21 35 2 2
21 36 0 6
21 37 2 6
21 38 6 4
21 39 0 0
21 40 3 2
21 41 6 2
21 42 3 9
21 43 6 2
21 44 1 5
21 45 1 1
21 46 0 4
21 47 1 1
21 48 3 6
21 49 0 6
21 50 7 3
21 51 6 3
21 52 4 8
21 53 3 1
21 54 3 3
21 55 0 0
21 56 0 0
21 57 7 4
21 58 2 4
21 59 3 2
21 60 1 0
21 61 1 2
21 62 1 2
21 63 1 2
21 64 0 11
21 65 2 9
21 66 2 1
21 67 3 8
21 68 6 1
21 69 1 0
21 70 0 3
21 71 2 5
21 72 6 4
21 73 2 3
21 74 7 6
21 75 7 8
21 76 2 1
21 77 2 1
21 78 7 1
21 79 0 4
21 80 2 6
21 81 7 4
21 82 6 1
21 83 6 1
21 84 1 0
21 85 1 1
21 86 0 2
21 87 7 2
21 88 6 2
21 89 6 3
21 90 7 4
21 91 1 8
21 92 0 1
21 93 7 9
21 94 6 3
21 95 7 8
21 96 7 6
21 97 6 5
21 98 2 3
21 99 3 0
21 100 3 3
21 101 0 5
21 102 7 4
21 103 0 0
21 104 7 5
21 105 1 3
21 106 6 3
21 107 2 1
21 108 6 6
21 109 3 3
21 110 6 6
21 111 6 3
21 112 1 9
21 113 4 1
21 114 0 1
21 115 0 3
21 116 3 3
21 117 6 1
21 118 6 2
21 119 1 1
21 120 2 1
21 121 6 2
21 122 1 3
21 123 4 3
21 124 6 5
21 125 4 0
21 126 4 1
21 127 1 2
21 128 7 4
21 129 1 10
21 130 1 4
21 131 0 2
21 132 7 4
21 133 3 1
21 134 2 3
21 135 7 4
21 136 2 0
21 137 0 10
21 138 3 5
21 139 6 3
21 140 2 3
21 141 1 6
21 142 1 2
21 143 1 2
21 144 0 4
21 145 2 4
21 146 6 1
21 147 3 4
21 148 2 2
21 149 0 1
21 150 2 4
21 151 6 2
21 152 4 3
21 153 0 9
21 154 6 3
21 155 6 1
21 156 7 4
21 157 2 1
21 158 0 6
21 159 0 0
21 160 4 1
21 161 0 0
21 162 6 2
21 163 2 3
21 164 6 2
21 165 0 11
21 166 4 3
21 167 4 1
21 168 2 2
21 169 3 4
21 170 6 1
21 171 3 9
21 172 6 3
21 173 7 3
21 174 3 0
21 175 1 4
21 176 6 2
21 177 1 3
21 178 2 1
21 179 1 3
21 180 0 1
21 181 3 0
21 182 0 7
21 183 6 3
21 184 1 3
21 185 7 9
21 186 7 3
21 187 0 0
21 188 1 3
21 189 6 3
21 190 4 6
21 191 7 2
21 192 0 1
21 193 6 7
21 194 1 0
21 195 1 2
21 196 2 3
21 197 2 2
21 198 1 1
21 199 1 2
21 200 0 1
21 201 2 4
21 202 3 4
21 203 1 3
21 204 0 0
21 205 7 3
21 206 6 1
21 207 0 0
21 208 2 6
21 209 3 6
21 210 1 2
21 211 1 1
21 212 0 11
21 213 3 1
21 214 6 4
21 215 3 1
21 216 0 1
21 217 1 2
21 218 2 2
21 219 2 0
21 220 4 1
21 221 3 3
21 222 0 1
21 223 6 2
21 224 4 1
21 225 7 8
21 226 0 0
21 227 2 1
21 228 7 4
21 229 1 2
21 230 0 4
21 231 2 3
21 232 3 4
21 233 6 4
21 234 4 2
21 235 0 1
21 236 2 0
21 237 2 2
21 238 2 6
21 239 3 4
21 240 6 1
21 241 2 4
21 242 6 3
21 243 2 1
21 244 6 9
21 245 3 2
21 246 4 1
21 247 0 4
21 248 7 9
21 249 3 3
21 250 1 2
21 251 1 4
21 252 2 3
21 253 1 7
21 254 2 3
21 255 1 1
21 256 1 5
21 257 7 5
21 258 1 1
21 259 0 2
21 260 7 1
21 261 6 6
21 262 6 6
21 263 0 4
21 264 1 0
21 265 6 1
21 266 4 0
21 267 0 0
21 268 2 0
21 269 7 12
21 270 6 3
21 271 2 0
21 272 1 9
21 273 1 3
21 274 7 9
21 275 6 3
21 276 3 2
21 277 1 3
21 278 7 8
21 279 6 3
21 280 1 6
21 281 6 1
21 282 2 4
21 283 6 2
21 284 2 5
21 285 3 3
21 286 0 0
21 287 2 5
21 288 7 2
21 289 4 1
21 290 1 1
21 291 7 3
21 292 2 5
21 293 7 3
21 294 1 4
21 295 1 0
21 296 1 1
21 297 6 6
21 298 3 1
21 299 7 5
