3 8 16 17 21 38 51 55 56 61 64 68 70 73 99 101 120 122 125 129 131 144 150 165 170 173 191 198 202 218 244 247 252 263 273 286 287 289 294 299
14 35 39 49 55 59 63 66 68 72 85 89 107 115 120 122 124 130 157 159 160 172 174 191 195 218 219 242 247 248 258 260 271 273 275 278 283 285 290 292
4 14 15 17 24 34 37 39 42 44 46 61 65 67 84 93 101 108 116 135 144 146 155 163 169 189 210 211 212 214 220 236 239 254 261 264 268 273 276 287
6 11 12 30 36 39 40 60 70 88 95 107 125 126 127 141 145 148 149 151 153 158 160 161 164 175 184 186 193 201 204 225 227 231 234 237 262 277 296 297
0 1 9 15 21 25 30 40 44 55 56 60 61 64 75 81 83 86 92 103 105 110 138 151 152 163 179 193 210 211 212 227 229 236 242 245 256 258 276 287
15 16 28 32 42 52 54 55 57 59 74 81 82 88 96 98 104 107 112 120 121 123 130 133 137 145 168 179 193 210 238 240 242 247 250 255 256 259 274 276
2 13 15 19 27 29 30 35 37 39 46 49 59 62 65 67 68 71 78 83 109 111 130 144 149 152 165 169 180 185 187 198 204 225 239 241 250 270 277 286
20 28 43 50 51 54 57 72 75 78 80 84 86 88 91 95 105 107 120 137 140 145 147 148 150 168 176 182 188 190 201 215 216 226 230 248 254 256 268 295
7 19 23 29 30 36 39 45 73 83 88 91 103 118 119 144 145 147 150 153 156 165 170 174 183 187 189 192 199 203 205 215 219 236 240 242 243 249 253 284
4 7 10 14 17 22 24 31 38 48 49 52 62 69 79 85 89 91 94 102 112 116 118 125 164 203 206 208 209 210 211 217 224 236 275 277 287 290 296 297
1 10 14 39 58 60 64 68 80 89 97 101 105 113 119 123 128 139 142 160 166 167 174 186 188 205 209 229 234 243 244 245 252 253 259 267 272 281 294 299
13 51 57 58 59 62 69 70 84 95 96 101 142 149 155 157 164 166 167 171 172 173 197 201 204 210 212 218 219 223 228 233 240 244 251 252 272 273 291 293
5 8 14 26 36 38 46 54 57 61 62 65 94 97 107 113 117 127 138 141 168 186 191 192 198 202 203 211 218 221 226 244 248 249 258 263 265 279 286 294
2 13 25 28 38 56 62 75 83 85 90 99 102 109 112 118 121 124 129 133 141 149 152 155 173 174 181 185 213 227 233 247 250 256 259 264 280 282 289 296
0 3 18 25 33 39 40 44 55 59 67 70 75 86 93 99 103 107 118 129 143 145 148 156 158 160 169 189 190 192 194 205 209 219 239 241 246 253 258 289
1 11 22 26 32 41 45 47 91 94 96 97 99 100 105 116 126 134 135 140 150 177 187 191 199 200 201 203 204 217 220 224 230 247 250 253 257 259 261 282
4 6 10 27 34 44 45 54 57 92 105 110 112 126 131 135 153 157 159 163 165 166 167 172 183 188 194 205 211 228 229 247 248 254 265 268 273 275 278 282
0 10 11 12 23 25 26 33 45 54 55 71 82 98 103 106 111 113 121 122 137 147 161 170 171 178 185 189 203 212 215 243 245 247 253 256 281 283 284 295
7 8 11 17 21 24 35 40 41 45 60 62 68 69 77 83 96 113 114 120 121 124 134 152 156 164 191 200 208 211 212 235 266 267 273 276 282 283 284 288
9 11 22 23 24 27 29 38 44 45 52 60 66 68 85 88 90 111 123 139 145 151 153 158 168 169 170 171 193 197 200 201 202 213 221 231 233 266 290 291
0 6 20 31 37 43 59 62 66 72 74 81 84 91 117 120 133 144 146 147 149 165 168 176 178 182 184 196 209 210 213 217 218 241 257 262 266 270 276 292
20 24 28 34 36 42 46 59 66 69 73 74 75 79 96 112 137 138 139 156 159 175 183 191 192 198 200 202 204 218 221 225 230 231 233 234 236 238 247 265
5 12 23 38 44 57 76 82 87 93 104 107 114 142 152 157 159 174 180 184 187 190 200 202 223 226 229 245 252 255 257 259 262 266 270 284 287 291 297 299
3 8 16 34 46 54 59 71 78 79 81 85 93 99 101 109 114 120 130 137 139 150 154 163 167 171 177 182 190 191 210 218 242 243 245 256 272 277 281 288
15 20 24 33 42 44 52 65 73 81 85 99 105 116 123 128 137 138 147 162 167 170 192 201 202 210 227 228 233 237 239 243 249 259 267 278 283 286 289 298
14 17 28 39 42 48 51 52 61 64 75 104 111 116 125 128 134 159 166 175 176 178 182 189 198 205 210 211 212 223 231 247 254 257 268 280 285 288 291 299
10 12 16 19 30 37 39 58 73 85 88 90 106 107 109 121 130 137 146 147 150 153 171 172 179 186 190 195 198 204 216 233 261 262 271 276 284 287 293 298
3 5 24 37 43 46 47 52 55 78 84 90 92 103 107 114 118 120 140 143 146 159 164 167 171 200 203 227 238 241 254 269 272 273 277 281 282 283 291 298
6 8 11 17 18 26 27 28 30 36 55 56 57 68 81 82 88 89 93 121 125 128 137 146 158 161 167 170 182 201 202 208 211 226 231 234 239 241 251 289
2 11 19 28 33 35 62 63 77 107 113 114 119 125 134 135 136 151 152 154 155 162 174 189 200 205 229 239 247 258 262 264 267 272 276 278 280 284 290 299
5 13 16 21 26 31 34 61 62 74 78 84 86 94 99 101 113 115 127 129 139 142 155 162 166 167 172 181 201 209 218 221 225 227 232 243 265 276 279 282
1 4 15 17 29 37 46 51 52 55 79 87 91 97 100 112 117 125 132 146 162 176 180 185 191 194 201 206 225 227 228 234 246 260 261 271 275 276 277 284
0 1 17 36 39 60 68 76 79 81 83 87 97 98 100 106 115 122 124 128 144 158 162 163 187 191 196 197 205 209 210 211 227 243 246 263 265 266 268 280
1 4 7 15 19 22 33 36 50 61 77 79 85 86 87 89 112 118 126 153 155 160 162 164 180 184 190 207 210 219 223 228 236 241 249 251 266 272 279 291
2 7 11 17 23 35 36 42 53 55 57 64 65 66 92 95 104 108 112 125 132 143 148 162 169 184 187 191 213 216 227 229 233 234 241 250 262 267 273 299
6 8 9 19 24 61 62 85 105 109 111 116 135 144 155 157 158 160 164 178 181 182 183 196 208 216 226 228 232 246 250 252 256 262 270 275 276 277 289 292
1 2 34 38 44 45 52 68 71 80 89 98 99 102 108 116 117 120 130 133 149 159 177 184 189 193 195 211 223 224 228 230 237 244 252 270 274 287 292 296
2 3 9 20 32 33 36 39 40 49 60 67 72 83 84 89 94 98 107 132 134 138 153 158 161 162 164 177 192 196 201 216 225 231 234 237 247 260 274 296
11 13 14 45 55 70 78 88 91 103 105 107 111 112 119 120 130 135 152 155 164 165 166 175 183 184 186 187 205 211 214 219 238 259 274 279 287 291 293 296
7 17 37 52 59 72 73 74 76 77 81 89 116 123 126 139 149 150 161 175 181 184 186 188 192 199 204 206 207 232 234 240 242 251 255 264 269 285 293 295
2 8 9 12 15 18 21 22 40 61 66 70 78 89 90 91 101 105 111 112 113 131 135 139 141 149 166 184 185 188 196 214 227 244 249 257 260 271 275 276
0 2 3 6 10 15 43 52 72 76 78 79 95 98 100 112 127 132 135 145 148 151 154 169 176 180 181 194 207 212 225 237 238 248 249 262 272 274 275 280
7 21 24 32 36 52 69 77 79 82 89 92 98 108 121 124 133 137 147 148 152 172 174 176 184 188 189 206 218 221 226 236 258 260 262 266 271 282 285 290
2 17 18 20 21 26 31 37 38 42 49 50 59 81 89 102 103 109 110 119 141 142 148 152 165 173 174 177 192 196 211 218 228 238 244 251 256 274 277 295
7 28 34 66 70 72 77 85 92 101 112 117 121 125 137 138 141 143 148 164 170 175 189 198 199 209 219 223 227 230 240 245 250 257 258 265 273 276 277 299
6 7 13 18 19 21 24 27 29 48 55 63 65 67 68 75 80 96 101 111 116 125 126 139 142 150 160 163 173 185 187 230 235 242 244 248 257 265 274 283
4 5 19 36 57 68 73 86 89 91 98 114 117 119 124 125 127 131 133 140 161 174 176 200 207 210 212 238 240 246 251 256 259 272 275 276 280 285 296 297
0 1 18 26 29 33 53 56 62 65 68 78 79 89 108 111 119 137 143 150 156 157 160 167 170 174 176 181 182 185 195 215 255 264 277 286 289 291 294 297
2 6 7 9 17 18 22 24 28 47 62 70 117 120 123 129 130 132 159 165 184 199 200 201 202 205 207 223 228 234 235 247 248 254 255 259 262 281 293 299
5 6 12 14 16 35 36 39 41 45 49 59 61 80 99 107 120 132 138 149 157 159 163 188 205 206 215 228 229 230 231 238 244 256 257 259 271 272 278 294
2 29 30 33 44 46 50 61 64 66 70 73 74 78 90 96 125 129 134 143 151 154 157 163 169 173 178 179 181 193 198 199 205 217 235 238 272 274 276 283
5 16 18 19 30 31 54 59 63 72 76 82 84 85 95 113 118 119 121 126 128 134 142 143 164 181 185 190 198 200 210 222 230 242 247 250 256 273 279 281
0 2 3 15 43 50 57 63 97 106 119 125 131 145 156 163 170 172 173 174 176 177 183 195 199 209 212 215 218 220 230 232 252 262 271 279 283 284 286 292
3 12 29 37 43 48 51 53 55 58 65 71 85 88 102 105 113 116 117 124 145 150 153 167 180 187 196 213 218 229 238 240 250 256 264 277 280 282 283 285
6 16 25 26 27 43 45 49 58 63 67 70 78 97 109 114 117 118 119 148 149 150 187 191 202 208 212 225 231 234 247 252 254 264 267 270 275 280 283 295
10 18 20 47 52 63 89 98 104 114 117 124 134 139 165 167 172 173 178 183 189 195 204 208 210 211 218 228 229 230 233 234 248 253 265 268 276 281 293 295
2 4 5 6 12 29 38 41 53 58 66 85 91 96 100 116 117 118 119 123 125 135 137 140 153 165 175 181 188 189 194 213 214 232 244 248 249 255 277 286
1 16 17 18 23 35 45 47 53 58 61 77 88 93 111 112 126 130 156 160 171 203 214 224 226 227 245 246 254 255 258 262 263 269 273 289 290 293 294 298
10 16 19 21 24 27 37 46 54 70 75 85 89 109 112 114 116 128 133 136 140 167 174 178 180 188 194 195 202 210 215 257 260 263 269 270 283 284 296 299
6 8 34 42 44 45 50 52 78 83 92 96 103 105 108 112 135 159 160 161 168 186 195 199 202 203 206 207 212 222 226 232 233 238 246 249 277 292 294 297
5 29 66 79 80 81 89 91 92 101 108 109 112 121 134 142 146 149 150 159 167 171 172 176 198 202 208 209 211 218 223 227 240 247 265 266 269 271 284 285
7 15 17 19 22 31 41 45 50 56 84 92 105 131 134 135 156 157 161 172 173 177 179 197 199 204 205 212 226 231 242 246 248 261 279 284 290 292 295 297
1 4 8 17 25 44 51 52 72 75 77 80 84 92 100 101 121 140 141 145 147 151 155 178 186 190 192 194 199 201 210 214 230 236 259 264 270 281 284 285
7 33 42 45 46 50 64 65 67 96 102 117 124 125 128 133 135 141 143 144 148 158 161 164 172 184 187 190 193 204 221 228 229 251 258 269 275 285 286 297
7 16 20 35 38 48 64 108 115 130 136 138 142 150 155 163 165 167 170 172 181 186 189 190 200 203 205 207 210 223 227 239 248 249 251 258 272 275 282 292
2 19 25 31 41 43 44 45 66 80 83 85 104 105 108 110 123 126 134 139 141 143 149 159 179 208 211 213 221 224 226 243 250 252 257 258 264 271 276 283
17 25 31 40 45 53 59 72 82 86 87 94 110 114 119 120 124 133 135 139 142 150 154 165 168 171 180 189 193 195 196 236 237 243 244 258 279 282 290 295
6 9 11 16 24 25 42 46 60 63 65 66 75 76 83 87 97 109 114 122 138 155 158 162 170 185 189 191 208 210 216 225 235 238 248 256 260 264 284 290
6 19 25 29 31 32 36 47 54 57 65 67 69 74 83 87 111 112 115 119 130 142 145 153 184 196 203 204 218 219 224 228 232 241 257 264 265 284 293 295
6 13 15 24 27 50 54 56 57 64 66 80 101 103 108 109 112 115 116 119 120 126 128 136 148 149 181 186 207 208 213 222 234 244 259 267 268 270 272 281
4 18 19 20 33 43 47 48 50 62 63 67 82 86 107 111 132 137 138 144 150 161 166 175 179 181 185 195 201 202 221 231 237 246 250 253 254 256 297 298
4 17 25 37 43 44 46 47 61 75 81 87 88 100 105 108 109 116 118 126 135 146 156 161 172 193 203 220 221 229 232 236 243 255 262 264 265 271 276 294
1 4 7 25 31 33 38 50 55 59 69 79 90 93 95 104 105 107 121 122 127 133 134 138 143 176 187 203 212 223 225 230 247 251 252 261 265 278 285 289
5 21 22 28 32 39 44 46 50 66 69 76 77 107 108 112 117 119 129 133 134 141 153 171 172 173 196 197 200 206 208 229 231 237 240 243 245 248 284 285
9 15 18 19 22 32 33 34 43 56 57 58 68 72 85 90 93 94 123 131 140 147 157 168 171 181 188 194 201 202 209 215 218 221 249 252 269 273 286 296
0 22 26 31 35 43 56 57 71 76 77 86 92 102 111 114 117 127 130 133 136 139 140 144 148 158 173 174 180 188 194 201 216 259 263 267 270 282 287 295
0 8 11 16 21 22 23 28 88 90 96 118 123 130 156 157 167 170 172 187 196 208 210 212 219 230 234 239 246 250 256 260 262 277 278 283 290 294 295 296
6 14 33 43 45 53 61 67 73 79 80 95 105 124 129 135 136 138 141 143 148 171 172 174 177 187 196 198 203 205 217 230 237 240 253 258 269 278 283 286
31 46 48 56 57 58 71 72 79 83 85 104 105 117 123 124 129 138 162 167 171 180 182 187 203 213 221 225 235 244 246 251 259 260 267 275 281 289 291 293
2 4 6 8 27 29 40 60 62 75 79 84 93 97 102 105 106 134 141 150 157 162 165 168 178 195 196 207 213 217 218 221 222 237 254 259 268 270 273 275
0 1 33 46 61 62 68 75 77 80 84 89 94 118 130 141 144 145 148 151 163 168 180 195 205 212 217 234 237 246 249 253 254 264 268 271 272 281 286 296
9 19 25 31 32 34 50 53 57 59 62 82 88 89 94 97 105 106 111 123 135 144 153 159 176 177 201 219 224 225 230 232 234 238 240 250 260 262 264 299
12 28 37 43 46 48 52 64 69 80 87 89 104 109 112 118 124 127 138 140 148 149 157 185 186 198 205 206 218 221 225 236 244 247 248 252 253 285 292 298
3 6 12 24 46 49 78 83 84 90 92 93 104 111 113 120 128 151 155 170 176 204 206 207 213 218 222 224 228 236 238 242 246 257 266 272 273 275 277 294
1 4 31 43 45 54 59 72 77 92 96 111 113 114 120 123 130 131 135 142 144 151 156 161 167 168 170 172 180 187 190 221 226 241 269 274 291 293 296 297
7 23 26 27 29 34 38 57 62 64 65 78 87 88 90 92 102 103 108 109 110 111 117 118 138 146 153 164 172 180 194 204 228 229 230 237 249 264 277 286
4 15 18 44 48 51 62 68 76 81 87 103 105 109 115 118 124 129 141 145 150 172 179 180 196 203 215 216 223 228 235 251 256 262 267 272 274 275 279 291
0 3 4 24 26 27 31 35 47 48 49 60 63 69 81 93 114 117 118 149 150 151 154 155 157 168 191 196 197 213 216 231 235 245 263 267 276 277 286 290
11 21 26 35 36 38 53 56 77 79 91 115 124 126 135 137 142 143 149 154 164 177 199 209 210 217 220 224 227 229 233 236 240 247 254 258 262 269 275 287
10 20 34 37 44 49 58 59 62 63 65 67 68 69 71 80 81 99 101 102 104 111 122 135 136 138 141 143 146 150 164 169 182 193 219 235 245 249 251 289
0 9 26 51 57 59 71 92 98 114 133 140 145 155 158 163 169 173 174 180 182 186 192 193 196 200 202 220 230 233 237 238 245 259 269 279 283 285 288 293
1 12 16 34 36 37 38 46 55 64 65 80 87 88 91 104 115 117 120 125 129 138 154 161 162 167 176 202 208 217 221 224 227 228 233 237 238 245 272 273
15 40 41 42 50 62 64 66 72 74 93 118 123 137 138 140 142 152 164 168 201 203 206 218 223 227 228 231 234 240 241 242 244 251 256 262 271 274 285 288
4 11 14 46 52 56 60 61 64 73 78 91 99 104 119 126 130 135 137 142 150 155 160 171 187 189 195 208 221 233 237 238 240 242 246 258 259 267 276 293
2 9 15 33 43 71 86 104 126 127 133 137 139 158 165 179 182 183 184 196 198 199 204 207 209 213 217 228 231 233 241 245 250 267 268 280 285 287 294 297
1 16 26 40 42 52 59 61 67 74 98 101 113 120 124 125 130 143 145 161 167 168 174 179 181 187 201 211 228 230 231 234 238 239 259 264 267 268 279 290
3 9 14 19 38 42 48 55 60 63 67 69 71 94 95 107 112 114 115 124 126 155 157 179 183 205 208 213 231 239 243 248 259 264 269 271 273 274 285 288
3 10 13 30 36 37 39 41 76 85 90 103 104 109 112 126 132 135 137 151 154 171 172 173 175 177 195 210 214 231 234 239 244 248 252 254 261 271 275 295
3 9 33 41 53 54 66 68 74 79 94 97 99 100 102 111 114 118 120 121 125 131 139 143 147 148 154 158 161 166 171 172 209 245 248 255 259 260 263 278
0 8 19 21 32 53 54 58 71 80 81 83 97 98 101 102 110 116 123 136 142 148 149 150 171 187 190 196 203 210 222 246 260 262 264 267 271 276 280 284
1 4 7 28 37 41 48 62 65 74 76 81 82 87 95 102 105 109 125 155 170 177 181 183 188 201 211 215 218 222 223 225 230 236 257 264 266 281 288 291
22 25 26 29 50 52 54 57 77 80 84 85 100 108 113 116 130 132 152 158 168 182 193 200 201 213 221 231 236 240 249 253 262 263 264 271 278 285 287 293
14 17 23 41 44 50 54 63 67 70 76 79 87 105 109 119 122 124 129 130 133 135 142 143 158 169 187 215 221 241 252 257 259 268 270 278 284 286 292 294
14 17 32 35 41 42 45 53 76 80 90 100 111 115 116 119 120 130 138 142 143 156 159 163 183 193 195 196 205 206 210 229 247 249 252 261 266 280 286 296
13 14 30 43 49 52 63 76 80 86 90 94 95 114 117 135 137 150 152 157 160 168 174 175 211 232 238 242 248 252 257 261 272 274 276 279 287 288 290 292
7 8 12 26 30 35 39 41 43 48 49 69 76 87 91 92 99 105 118 119 125 131 141 144 146 147 150 152 166 170 192 198 211 224 235 242 250 256 276 281
3 16 24 25 61 62 68 74 84 88 110 127 128 133 141 151 164 179 180 185 186 187 194 197 200 209 231 236 245 248 249 260 262 263 269 274 279 283 284 291
15 17 19 29 30 34 41 58 62 93 94 95 100 112 116 118 125 139 144 145 160 164 166 182 184 189 190 192 205 207 212 223 239 257 258 263 266 267 281 288
5 17 20 26 45 82 85 99 102 104 105 117 133 138 144 147 170 171 173 182 186 188 204 213 218 226 229 232 237 241 249 252 255 265 271 276 281 287 290 296
8 10 26 33 43 59 67 69 81 91 93 97 128 132 139 141 143 146 147 148 161 162 169 183 184 191 192 194 195 209 215 244 246 254 261 266 268 279 280 293
2 5 7 8 11 21 23 29 31 34 40 43 47 48 50 52 57 61 80 83 86 87 95 104 110 111 118 124 127 144 160 196 221 225 231 240 242 247 257 286
12 17 21 28 42 49 51 52 54 55 56 70 85 87 90 92 99 102 108 110 113 129 131 174 184 189 190 199 200 201 203 220 223 231 235 253 275 279 284 288
3 14 24 28 38 55 60 62 64 92 94 113 121 123 126 128 129 132 153 163 189 190 194 199 206 208 213 218 219 228 237 238 239 245 246 247 255 266 295 296
2 15 27 28 40 41 42 51 53 64 74 86 99 102 107 111 118 122 133 139 140 141 144 153 157 168 173 195 205 207 208 210 223 252 254 260 270 276 285 287
12 13 16 22 26 29 44 46 47 54 58 75 76 92 99 102 104 105 106 118 122 143 147 162 179 188 193 209 213 224 225 231 239 245 258 275 287 296 297 299
3 13 19 25 27 29 32 34 45 65 67 68 78 83 91 96 103 117 130 142 148 154 165 183 188 198 200 203 214 218 224 236 257 258 263 266 271 273 274 298
9 13 14 22 31 37 44 51 54 55 56 61 95 96 103 112 121 126 152 158 159 164 166 168 170 171 173 190 192 212 226 227 238 248 259 260 263 264 268 289
0 17 19 20 23 30 37 40 51 55 59 60 76 80 83 94 100 104 109 120 131 139 141 168 181 187 188 200 226 232 233 238 265 268 273 284 287 290 292 296
3 7 8 9 15 16 19 23 33 39 40 42 43 44 57 65 85 91 109 114 120 134 138 158 163 164 179 201 216 230 242 243 246 260 266 271 272 286 292 299
2 7 8 13 17 21 32 45 48 62 72 75 88 95 98 102 117 120 122 153 154 161 164 174 190 198 235 238 250 253 262 263 265 273 275 279 282 288 293 299
9 13 16 28 30 42 49 59 60 66 74 84 96 101 107 122 124 131 148 152 154 157 170 174 183 185 192 203 215 218 223 241 242 247 251 254 264 266 284 291
14 16 48 51 75 82 85 87 97 98 99 114 116 117 121 138 139 144 153 155 164 167 174 182 184 194 200 209 215 227 232 239 240 243 246 268 269 279 283 294
1 17 39 46 61 64 73 74 84 96 112 117 127 132 139 143 161 162 167 171 186 189 195 196 203 204 212 220 222 228 233 237 247 251 253 261 280 282 292 297
1 9 14 21 31 34 37 48 92 101 109 113 121 135 140 144 149 151 155 162 174 179 188 194 199 204 212 225 226 227 234 244 250 267 271 273 276 281 287 297
4 9 11 42 48 49 59 60 63 65 71 73 87 93 95 102 113 118 122 153 154 157 158 160 165 166 180 189 194 212 213 214 234 236 251 252 263 271 291 294
6 10 12 14 19 28 42 53 70 73 78 81 102 103 108 115 118 122 125 129 131 134 141 142 152 156 165 191 196 203 205 229 233 241 243 251 257 266 278 283
1 3 11 21 34 37 45 59 60 66 73 74 76 121 136 138 140 150 151 152 154 158 174 178 179 181 196 203 210 213 223 226 251 278 283 285 286 291 293 299
11 31 33 38 40 46 63 89 96 100 102 109 128 136 141 142 145 155 163 166 168 174 176 177 181 183 194 196 206 214 231 246 248 255 257 264 277 279 280 287
0 12 14 25 38 44 56 58 69 78 80 95 98 99 103 109 128 131 136 137 164 166 168 169 172 173 187 194 197 203 209 217 224 234 263 273 278 279 286 290
7 15 18 21 25 29 31 32 35 46 49 54 59 68 72 76 87 91 99 106 108 113 123 124 158 166 177 178 189 203 208 216 220 231 247 265 275 286 288 292
1 4 13 18 25 29 40 44 57 63 78 86 88 90 98 99 118 124 129 135 136 140 142 158 167 169 170 176 181 186 195 197 225 257 258 267 268 275 287 291
7 9 12 19 29 42 45 57 69 74 75 87 88 94 102 109 119 120 124 138 141 143 169 175 197 200 201 202 214 215 220 222 226 230 237 238 278 280 282 290
8 20 22 26 34 42 54 55 60 61 64 66 88 91 98 100 106 108 130 134 138 150 165 179 187 189 192 195 203 204 226 239 243 253 255 257 263 273 274 287
1 7 10 14 21 27 29 31 36 40 56 58 59 63 66 69 79 86 101 102 103 104 138 141 143 159 172 176 198 233 245 247 250 252 256 267 268 271 280 299
2 5 8 9 11 18 21 25 34 46 50 66 70 79 91 97 106 109 123 124 125 130 171 178 180 181 184 185 195 203 205 206 217 225 226 251 259 265 269 289
6 12 14 18 24 31 36 38 48 63 64 75 87 122 146 149 152 153 154 173 176 188 197 199 203 205 214 237 241 242 253 255 256 261 262 266 268 269 276 295
2 20 22 26 32 34 35 60 84 95 97 101 105 106 109 112 123 143 145 146 152 164 168 177 178 188 194 195 207 210 214 215 226 227 231 232 236 255 293 296
2 13 17 27 29 51 53 61 82 84 88 90 100 101 111 112 119 146 177 182 189 199 204 209 211 214 218 220 225 237 241 242 245 254 258 265 266 269 291 294
7 13 21 22 33 46 50 54 67 73 94 100 101 108 112 116 130 134 144 176 178 183 184 191 197 203 209 210 221 222 224 243 264 266 267 270 272 288 291 299
0 5 9 15 20 22 23 26 27 46 49 51 79 80 97 103 114 123 125 130 147 156 158 166 171 190 196 197 198 200 201 206 225 242 243 268 278 290 293 294
3 10 18 21 22 24 26 27 28 34 43 44 59 63 67 68 74 75 76 79 83 96 103 111 128 129 154 157 162 172 181 191 217 220 240 247 262 273 294 295
26 31 65 87 91 95 96 111 136 146 149 154 163 166 173 176 183 184 190 191 199 201 206 207 208 217 220 223 226 229 235 238 241 245 251 262 263 274 277 285
3 10 24 26 33 35 37 42 48 53 61 68 76 77 88 90 97 99 100 111 113 125 142 146 155 159 166 187 188 194 198 219 228 232 234 237 240 243 272 277
10 16 17 21 23 26 38 40 42 46 51 52 57 64 71 89 103 112 120 130 132 146 166 181 182 208 210 215 229 236 238 239 242 252 287 288 295 296 297 299
4 9 10 12 17 26 31 33 40 42 43 44 71 74 78 79 80 102 119 128 136 149 150 155 172 174 177 180 194 205 226 233 234 239 256 279 281 294 297 299
14 22 26 33 38 40 56 65 69 75 86 94 107 110 118 123 124 128 130 137 139 144 151 164 167 216 219 227 231 233 237 248 250 255 266 268 271 272 281 283
6 11 12 17 20 25 26 28 32 35 36 51 59 71 75 84 93 96 97 120 125 132 144 160 161 164 188 194 205 206 210 212 214 243 244 253 261 263 264 282
11 15 18 32 38 50 80 83 103 107 121 134 139 145 146 154 164 182 185 186 195 198 207 209 229 233 234 236 238 244 253 256 261 264 265 270 272 274 290 293
10 22 26 40 41 50 54 56 59 66 69 75 81 92 94 97 130 134 138 141 153 174 176 179 180 193 197 198 201 206 212 217 221 233 243 268 269 276 282 285
2 3 11 24 25 30 33 46 68 69 85 86 91 112 115 132 140 159 165 166 175 183 193 198 210 211 218 221 228 229 230 246 250 260 274 276 282 283 286 291
9 13 29 31 36 44 48 52 54 56 57 73 79 82 83 87 89 99 101 106 116 124 146 150 154 162 174 176 183 195 197 216 222 231 241 248 253 254 283 299
4 5 9 13 27 32 46 54 59 66 79 87 92 96 103 106 115 116 121 131 138 140 153 164 166 174 181 188 190 200 228 235 242 246 254 263 267 273 281 291
3 8 17 18 19 27 40 52 97 99 101 104 106 116 122 129 131 132 136 143 157 159 171 172 178 197 202 221 225 226 243 258 259 262 275 282 289 294 295 298
2 20 25 32 38 41 42 45 52 54 73 74 78 79 84 96 111 116 123 125 126 135 138 144 156 164 175 183 190 200 206 208 213 236 247 249 258 260 275 295
6 12 27 28 31 34 43 53 61 66 85 95 98 103 108 129 133 137 145 153 160 161 167 172 177 193 200 205 211 214 222 228 229 241 242 255 262 271 273 286
3 5 20 27 39 42 45 48 59 63 70 71 78 84 90 93 96 99 108 117 148 150 181 192 195 198 201 211 213 217 226 231 238 242 255 257 262 276 283 286
1 3 9 23 28 32 38 40 45 65 99 104 116 122 129 133 134 136 141 150 157 159 163 183 193 210 218 223 229 230 233 236 239 243 255 266 279 288 296 299
0 2 10 14 19 30 31 41 56 58 75 80 83 105 111 117 122 127 138 141 180 181 183 185 192 194 196 214 216 219 223 226 229 233 262 270 278 285 290 292
3 15 22 32 77 79 87 88 92 96 99 111 117 130 143 145 148 155 156 169 176 182 199 206 208 211 225 226 235 236 238 248 255 258 260 270 273 283 286 288
3 8 23 30 35 38 41 42 46 54 59 60 61 67 68 79 82 101 112 114 126 145 149 159 161 171 175 202 215 219 222 228 229 232 252 267 272 275 287 299
17 23 30 37 51 55 56 58 72 78 80 83 107 108 110 113 117 134 140 141 153 164 168 174 176 182 190 191 193 205 229 239 250 252 253 257 267 290 291 294
15 16 17 23 26 31 36 40 44 47 48 56 60 80 91 97 111 115 127 138 145 160 172 177 179 187 194 196 210 223 225 227 230 237 248 253 262 264 281 284
10 14 24 25 29 30 33 39 41 52 64 69 70 72 73 75 81 89 97 100 115 123 132 142 145 157 175 184 195 198 200 229 234 238 241 245 253 254 293 294
9 18 23 28 32 47 53 58 60 66 70 77 78 81 89 94 103 104 105 109 114 128 132 135 139 157 172 181 192 202 216 221 225 232 248 255 280 282 284 298
13 18 33 40 41 46 49 57 63 68 72 83 96 103 107 109 120 125 133 135 139 141 151 154 155 165 173 182 195 206 213 215 220 222 226 241 250 263 270 290
5 48 51 57 58 75 86 98 108 116 123 125 150 155 158 167 172 180 192 197 204 209 212 216 217 224 225 241 247 250 254 262 263 273 275 277 281 288 294 297
6 7 10 16 18 19 23 24 25 28 32 44 64 73 85 93 108 121 122 124 143 147 148 151 168 178 182 184 213 215 225 235 242 244 253 254 275 287 294 299
8 9 10 27 28 45 49 51 58 71 108 111 115 123 138 141 147 156 163 166 180 182 185 186 189 197 220 238 239 245 246 253 257 258 262 264 278 285 288 297
4 17 28 35 36 44 45 49 54 57 60 63 76 83 108 109 114 134 135 143 144 152 158 163 168 170 173 192 217 220 223 227 229 244 247 254 257 276 278 289
0 27 41 47 57 69 72 75 82 84 89 97 99 112 120 128 129 139 141 146 148 153 188 193 197 217 221 222 226 228 234 239 259 264 274 278 279 280 286 291
13 14 41 42 47 57 62 81 84 88 89 101 108 110 114 120 122 134 140 142 172 173 178 190 195 211 215 217 219 221 233 246 249 251 252 271 272 282 285 291
7 11 15 21 26 29 42 68 79 80 83 88 90 101 102 108 112 119 137 138 142 144 157 163 169 171 178 183 190 196 202 216 228 243 263 270 273 289 297 298
13 23 31 40 47 49 55 78 81 91 116 134 136 140 152 159 168 173 189 196 199 201 202 203 204 207 210 228 229 232 245 247 262 268 271 279 280 281 293 299
6 7 11 16 24 25 27 30 36 44 55 70 78 84 93 106 111 113 130 132 144 145 150 164 167 172 184 201 208 222 224 225 230 236 254 268 278 279 284 297
6 7 19 24 28 47 51 60 64 85 86 90 105 130 143 144 145 149 150 158 167 170 171 176 178 189 196 197 203 213 221 222 225 230 238 276 281 286 294 297
6 17 28 30 33 37 40 57 64 72 79 85 86 101 105 110 115 154 160 165 173 183 188 199 204 219 221 222 225 233 234 240 241 262 268 274 276 283 297 298
13 14 18 20 30 60 70 73 82 108 110 115 122 123 125 126 131 132 134 136 142 151 180 183 186 188 196 197 205 211 222 233 237 245 246 256 258 264 275 290
14 22 26 27 34 35 36 42 44 46 65 68 69 76 87 93 95 98 107 110 119 121 125 134 139 198 201 205 208 221 223 226 230 231 233 247 266 269 282 295
8 10 23 27 38 39 40 43 59 68 74 92 93 95 118 129 135 138 148 149 159 176 180 190 195 199 210 215 217 224 241 242 244 253 261 262 282 286 292 298
8 13 14 16 21 27 45 47 51 60 74 78 86 88 96 100 108 110 116 125 140 154 170 176 179 204 208 220 224 230 245 246 257 264 267 270 275 276 281 283
0 6 16 17 23 38 39 43 56 61 65 68 76 81 87 90 101 102 105 106 134 151 170 171 176 185 192 193 233 234 240 259 261 263 267 274 276 277 298 299
0 11 22 31 32 52 59 61 67 73 75 78 83 84 88 103 110 123 124 129 138 145 155 170 178 179 181 196 215 216 217 220 224 233 236 238 250 265 287 298
4 10 22 26 56 57 82 93 95 96 98 99 103 106 112 116 132 139 141 159 161 169 171 178 181 199 203 219 237 239 257 262 271 277 281 282 286 290 294 299
16 24 28 31 33 45 46 56 60 62 66 71 73 86 90 94 125 129 140 141 142 152 175 179 182 184 192 196 221 223 226 231 234 243 254 259 270 284 287 298
5 9 34 49 50 52 57 59 60 64 66 92 95 101 107 113 121 123 131 138 145 154 160 171 174 178 184 190 196 207 225 229 230 234 252 256 258 270 286 293
5 10 14 19 26 27 28 59 60 76 78 95 114 116 120 124 130 131 135 140 142 145 148 158 172 201 207 223 229 235 239 247 253 256 263 268 273 282 292 294
7 14 25 27 35 43 51 54 63 74 81 83 88 91 94 102 106 114 119 146 154 162 166 212 228 231 232 236 246 251 252 254 266 268 272 275 281 286 293 298
5 10 14 31 32 55 62 67 72 75 78 79 81 92 95 100 101 106 114 125 141 158 164 166 183 184 188 189 194 219 228 231 244 252 261 267 280 282 284 293
3 7 31 35 43 48 51 52 59 61 63 73 85 86 89 94 108 116 142 148 151 159 164 175 176 182 191 194 197 203 209 219 222 244 248 251 266 272 273 275
11 23 30 32 46 49 51 62 64 67 74 77 87 104 108 154 163 186 197 198 213 216 219 222 226 228 231 233 236 239 243 251 260 262 265 269 273 274 278 280
1 5 26 40 41 43 44 45 47 53 55 58 63 87 91 95 96 103 108 125 132 157 163 165 184 189 195 202 211 212 215 217 221 230 235 249 285 288 291 299
0 6 11 24 46 52 66 71 72 75 88 93 98 110 123 136 141 142 143 163 192 197 199 202 209 210 211 220 221 240 241 242 249 258 262 270 278 281 287 293
4 14 42 62 64 71 73 79 80 105 107 117 119 126 135 136 138 139 143 148 166 169 178 195 196 203 207 212 216 224 225 232 233 242 264 271 274 275 291 296
0 5 6 9 15 33 41 51 53 55 56 61 71 84 88 109 116 121 122 126 152 161 167 171 175 180 181 183 184 188 209 210 212 226 232 246 253 254 284 293
8 9 19 24 27 36 47 54 61 71 77 87 96 102 103 114 119 124 149 150 154 163 168 182 195 203 204 209 212 217 221 232 239 248 250 257 278 295 296 298
6 9 14 15 18 21 22 28 31 46 49 52 61 72 73 77 84 98 100 101 107 117 121 142 150 151 155 160 162 189 193 199 200 221 223 229 276 277 283 291
0 8 11 12 24 34 35 39 49 62 70 77 79 80 83 88 97 110 116 120 129 144 150 156 165 167 181 184 197 203 208 217 229 233 246 251 257 258 271 292
4 11 15 25 26 28 32 35 49 55 59 67 70 71 78 86 92 94 97 98 118 132 140 141 142 146 155 162 164 165 175 178 198 219 221 270 280 283 285 299
12 18 46 48 67 69 71 82 84 87 92 98 108 112 120 128 133 138 140 153 159 164 170 173 177 179 187 194 195 230 233 235 237 239 248 270 278 290 292 295
10 12 13 22 28 30 31 41 42 44 57 71 73 84 103 110 123 126 137 144 150 151 165 174 177 178 180 183 186 187 188 205 206 219 228 245 264 265 288 294
12 22 24 33 36 45 52 79 104 114 115 125 131 139 141 145 147 148 149 164 177 179 192 203 206 214 215 219 221 226 236 244 245 248 253 266 273 274 289 292
0 8 10 49 52 54 65 90 105 111 116 118 119 121 123 124 131 139 141 142 148 162 163 172 176 182 184 192 194 195 202 217 229 234 253 270 278 283 289 291
8 15 19 22 29 30 33 35 43 47 56 59 77 83 84 102 104 105 114 140 143 153 154 162 164 171 179 201 203 205 207 209 212 218 252 264 267 270 280 288
0 19 20 26 27 34 38 41 48 52 59 68 76 78 85 90 103 110 134 135 139 145 153 164 167 172 193 202 203 208 219 231 232 233 242 255 268 274 277 283
4 7 12 17 31 34 36 56 64 68 77 82 87 94 98 99 108 120 142 163 166 168 177 195 200 217 228 230 234 235 240 247 252 259 267 281 289 294 298 299
3 10 25 26 29 32 49 51 57 60 67 84 100 111 116 134 142 144 155 156 164 174 176 185 186 190 200 201 202 208 215 221 227 229 238 245 260 282 290 296
0 6 11 22 27 29 35 37 38 43 53 57 71 72 81 85 90 92 130 137 148 149 154 156 173 180 183 198 211 214 215 220 227 254 266 269 270 277 293 298
20 37 47 55 71 76 84 86 88 107 119 120 134 139 141 155 160 161 170 171 172 175 176 182 185 198 206 208 215 216 225 227 230 243 245 246 276 288 291 292
2 16 25 38 39 41 42 44 47 52 80 92 94 95 99 100 108 110 115 116 139 169 172 174 190 201 203 211 216 219 222 228 261 263 264 265 266 267 269 299
2 8 10 26 35 37 43 77 85 89 98 114 125 131 138 146 148 151 163 166 171 180 195 213 225 228 232 235 236 244 250 252 258 269 272 279 287 292 298 299
2 19 21 29 31 34 35 43 48 54 56 60 90 92 102 106 110 122 129 145 150 157 160 168 170 186 188 193 202 213 215 222 225 230 236 237 239 260 291 296
1 14 20 29 30 36 40 55 62 66 75 78 86 99 107 111 113 122 133 136 139 141 144 150 154 157 168 172 177 180 184 197 208 216 219 222 240 243 262 272
9 12 17 29 40 51 57 66 71 72 77 84 86 89 97 114 127 129 130 131 141 142 143 147 171 173 175 182 193 207 239 244 251 271 273 278 279 284 287 296
2 18 21 27 36 39 49 64 73 76 83 90 96 104 120 135 138 142 147 148 151 161 173 180 183 185 188 208 219 224 231 238 246 257 260 261 270 275 297 299
1 13 14 16 40 43 57 58 72 77 79 85 93 99 114 122 131 139 149 150 156 170 189 190 211 215 230 233 234 239 241 259 260 262 266 272 274 286 287 299
0 4 12 17 23 33 40 41 48 54 57 59 62 64 67 73 81 100 116 139 142 145 146 151 155 164 181 186 195 205 207 213 222 228 230 241 259 272 281 295
21 24 25 28 33 44 49 51 55 59 60 71 87 89 94 96 102 108 117 120 121 127 142 154 159 160 166 167 184 226 233 236 237 241 242 243 262 280 281 289
12 15 17 30 31 39 44 57 62 67 102 108 111 113 118 142 145 149 158 183 194 202 206 208 215 218 221 229 241 245 246 247 248 258 263 278 279 285 288 293
0 1 6 16 17 19 25 32 34 38 43 46 52 82 91 98 111 135 137 149 155 159 165 169 171 175 180 195 197 206 213 219 220 223 240 255 257 285 294 296
3 10 12 13 18 24 29 36 37 40 46 52 59 60 64 66 67 73 88 96 101 102 112 121 124 125 147 150 160 190 201 208 225 229 240 255 269 289 293 297
4 12 14 17 20 26 34 41 55 65 68 72 77 93 96 115 150 165 167 173 192 201 202 216 220 231 243 244 247 259 261 275 277 279 280 285 290 292 295 299
3 4 6 12 24 33 48 56 57 67 68 69 96 97 100 108 111 112 115 118 129 130 138 142 160 168 171 176 180 185 195 200 222 229 232 235 242 254 259 270
16 20 44 50 51 52 56 68 82 87 89 106 127 131 132 133 134 139 140 151 157 162 166 179 181 186 190 197 201 205 210 241 242 256 257 261 264 268 274 284
2 5 19 26 41 60 80 83 90 92 94 96 98 99 107 108 109 112 113 129 142 148 151 162 166 182 204 215 217 220 224 228 229 244 270 275 278 279 285 295
11 12 17 36 43 54 63 71 72 84 94 107 122 140 141 144 148 153 155 158 163 166 169 170 179 180 188 201 203 216 219 220 224 234 252 254 279 280 283 299
0 17 19 23 27 33 36 38 56 80 81 82 91 93 94 116 131 139 147 153 171 179 181 197 199 201 202 203 211 212 222 225 230 237 259 273 276 277 279 297
1 12 15 21 26 29 31 37 39 51 52 64 71 87 88 99 101 102 107 115 123 139 146 152 156 166 167 172 179 181 206 213 220 229 236 252 278 285 288 297
1 5 7 14 17 24 39 42 43 45 66 77 85 86 89 94 96 97 103 107 113 122 143 152 161 190 204 214 232 264 266 269 271 274 278 281 287 289 295 297
1 3 4 7 10 30 35 42 47 54 89 92 98 111 114 115 128 133 148 155 156 163 165 168 192 200 203 204 212 215 217 224 257 279 281 283 285 286 289 299
12 15 27 34 35 40 49 57 59 61 63 64 76 84 91 105 111 117 123 146 147 148 154 162 167 201 206 209 217 222 225 238 259 263 267 277 283 284 288 293
0 13 34 40 43 48 52 64 67 73 86 87 100 107 115 120 125 131 150 158 167 170 174 179 184 186 195 197 204 209 212 221 227 242 248 254 277 286 295 296
4 9 25 29 39 45 71 76 82 83 88 91 101 109 113 116 120 137 142 150 163 166 189 197 199 204 210 212 214 219 221 230 252 254 262 279 283 289 295 296
4 20 28 31 32 34 51 57 58 68 74 77 80 86 90 93 100 101 123 128 131 134 136 141 152 160 165 193 194 198 202 212 216 228 236 253 257 260 267 280
21 30 35 39 49 56 59 61 68 81 91 105 109 114 118 125 127 128 137 156 158 180 183 188 195 201 209 212 215 217 230 232 239 258 267 268 272 287 289 299
2 3 9 21 36 43 45 53 54 59 75 84 87 110 116 117 123 130 136 138 141 142 144 163 171 172 174 180 199 216 239 242 246 262 267 286 289 292 293 294
5 6 12 18 20 21 26 27 31 32 38 42 45 48 49 50 53 75 86 91 95 108 120 122 128 142 158 160 171 194 220 228 229 242 243 248 266 267 268 298
7 15 22 25 32 37 68 75 78 81 100 109 120 122 128 145 150 154 156 174 176 179 181 189 191 204 218 220 223 226 238 240 245 251 256 259 260 263 286 290
12 17 22 30 37 42 63 64 67 79 103 104 123 138 143 148 155 163 165 167 188 189 197 199 207 218 227 233 239 243 256 262 266 267 271 272 273 275 295 298
11 33 40 46 51 54 73 88 97 99 102 103 109 116 127 133 142 151 163 164 175 192 202 206 209 210 232 238 243 258 259 266 270 271 276 282 283 289 290 299
0 1 7 13 16 20 22 27 38 45 57 62 65 71 73 83 88 90 100 103 113 135 149 151 155 167 185 187 194 199 202 211 219 220 230 244 257 260 264 286
6 11 13 20 26 37 49 64 73 77 79 95 97 98 109 110 130 135 147 148 150 152 158 168 170 195 196 198 200 202 208 213 217 220 236 240 246 257 259 268
22 26 30 38 44 61 64 72 78 88 92 102 113 118 123 136 146 156 160 166 170 182 186 193 196 199 213 224 232 244 245 247 248 252 261 271 280 281 287 299
16 20 26 29 30 32 42 47 58 72 77 96 123 126 149 150 154 157 160 176 177 192 196 199 207 208 218 219 226 227 228 232 241 243 252 262 263 276 297 298
3 23 31 32 43 44 48 63 64 79 80 81 82 85 91 95 100 115 137 148 150 153 155 174 191 195 201 218 219 227 228 231 247 248 272 280 282 288 289 292
33 34 38 51 56 57 61 70 74 77 78 91 93 94 95 105 109 119 120 122 138 169 172 180 188 205 208 219 221 224 227 233 243 245 248 253 265 272 278 280
2 6 7 13 25 36 63 66 86 103 106 115 116 124 133 144 151 155 156 161 164 166 170 176 187 198 217 221 226 230 239 240 245 248 249 257 259 271 274 278
0 2 4 7 16 17 20 23 35 44 69 73 74 84 87 92 95 101 109 110 114 123 126 128 132 134 139 162 167 168 192 198 212 231 234 238 266 272 284 294
10 24 36 38 49 58 77 81 92 93 101 113 130 135 149 154 155 172 173 183 197 202 205 206 209 213 219 222 226 228 231 242 259 267 271 278 279 280 296 297
0 7 15 17 20 23 24 35 37 42 53 61 70 83 84 87 88 120 121 123 133 135 145 150 163 168 171 185 198 201 212 217 239 243 252 265 269 274 277 296
6 15 17 24 25 30 59 60 81 85 89 104 106 108 110 111 116 117 121 145 146 167 169 171 176 180 194 197 222 240 241 244 255 257 261 263 271 278 279 299
7 18 21 26 31 37 44 45 50 56 64 66 71 80 88 94 98 105 115 118 156 169 175 179 187 189 191 194 202 225 230 250 258 265 272 278 287 289 295 299
1 2 6 9 13 31 32 34 35 42 50 63 64 70 75 91 107 116 121 125 131 140 147 148 156 158 164 172 178 181 183 185 202 229 235 263 265 271 275 299
2 12 23 25 27 32 41 52 55 57 62 73 88 94 95 103 106 123 129 137 141 142 147 152 160 169 181 183 208 222 223 227 232 238 240 260 272 280 281 286
12 14 18 24 27 42 70 74 84 91 97 99 102 109 120 122 142 149 152 168 178 180 190 214 215 217 226 229 241 244 247 248 252 257 258 262 282 286 291 296
18 23 31 38 41 42 46 63 67 84 86 98 102 113 114 131 132 153 157 169 174 182 185 190 191 193 194 209 211 218 233 241 246 252 256 264 269 276 286 289
6 22 24 26 43 44 46 56 58 67 69 109 111 115 116 120 121 128 132 135 141 145 151 156 182 183 186 189 219 222 230 247 248 255 256 257 263 264 269 299
1 8 14 16 24 35 37 53 60 68 73 74 81 97 121 122 130 131 133 136 149 152 158 168 172 173 182 183 188 223 229 239 245 256 257 268 277 287 290 293
7 9 14 19 22 36 38 39 64 65 73 80 82 92 95 101 103 107 110 116 119 134 141 145 147 160 164 170 171 190 215 253 260 265 272 274 276 281 292 293
20 23 30 32 34 37 41 44 49 58 67 70 72 73 75 94 111 117 120 126 136 137 142 149 161 162 164 180 182 186 191 202 212 234 240 242 245 280 282 285
7 22 33 50 51 54 57 64 81 99 102 111 122 132 135 137 149 153 154 177 180 190 217 220 223 224 225 234 237 238 239 241 251 261 271 282 285 289 294 299
16 29 38 44 47 52 53 65 69 94 96 108 120 149 152 153 156 164 166 175 178 179 181 183 195 203 207 209 220 238 242 243 246 251 257 259 263 268 273 298
1 20 24 30 52 59 63 77 78 90 91 107 110 111 112 113 122 153 171 181 183 200 203 207 212 216 219 230 235 240 246 255 257 274 275 277 287 290 292 294
6 14 18 39 42 67 73 77 79 87 90 94 100 101 111 121 138 139 144 147 151 154 160 163 164 192 219 221 223 224 225 231 233 252 259 266 278 280 283 286
12 14 15 34 37 75 89 93 94 98 104 106 111 112 116 120 123 125 131 133 139 151 154 160 167 182 188 189 195 201 203 204 216 241 250 251 287 290 291 294
15 21 35 38 49 58 63 67 70 81 84 87 89 90 92 98 107 112 131 136 144 155 160 163 170 185 190 202 215 219 220 224 227 231 236 259 275 281 291 296
10 15 26 28 30 32 42 46 48 56 67 70 73 85 95 100 114 115 118 143 149 150 161 163 168 175 191 201 225 228 229 233 266 268 270 274 275 281 293 299
2 5 28 33 40 46 50 60 65 70 76 80 86 88 89 99 103 112 115 133 142 143 159 176 186 196 197 214 217 234 242 246 248 261 265 266 279 285 293 299
4 6 11 24 29 37 39 57 58 63 91 94 96 122 135 143 146 148 158 161 162 169 177 184 194 195 197 212 220 225 231 236 244 254 263 265 273 281 288 299
11 23 34 54 56 68 74 77 81 89 105 106 119 149 166 168 171 173 188 197 202 211 212 213 214 221 224 229 230 239 240 247 259 262 264 268 281 287 290 293
2 5 7 21 27 28 47 48 58 60 68 72 91 95 103 118 120 126 131 138 139 146 161 162 165 173 176 184 185 210 221 227 231 240 241 246 264 281 289 294
0 7 17 19 22 27 31 35 49 51 62 72 83 92 102 108 111 114 121 124 127 131 132 135 151 158 161 165 182 184 210 214 215 227 231 263 264 272 290 299
14 37 40 42 49 65 71 74 76 78 83 87 94 101 104 119 124 130 132 134 139 144 145 148 153 161 182 198 209 214 218 221 226 231 255 257 270 273 285 296
3 5 8 15 28 38 43 49 50 53 60 74 75 78 106 113 114 130 131 132 135 164 178 192 194 199 202 205 214 215 217 221 223 246 249 257 269 278 282 284
9 35 36 37 47 54 61 64 67 74 81 94 101 146 167 176 180 184 188 191 192 197 203 209 210 214 222 229 230 238 252 253 260 261 266 270 287 289 290 293
7 13 15 21 22 28 29 68 79 81 100 102 103 115 117 130 133 137 150 153 157 178 186 187 194 212 223 229 231 250 255 257 260 261 263 265 278 280 289 290
0 15 17 39 50 55 69 83 84 87 110 113 118 122 123 126 130 137 138 139 142 146 152 157 163 165 172 182 198 211 215 221 233 257 258 259 265 267 285 295
7 16 28 43 48 51 62 73 76 90 96 98 105 108 111 135 138 139 141 150 155 170 177 188 190 201 210 216 227 237 239 240 241 244 248 252 257 261 267 290
5 30 31 34 39 44 50 59 64 67 74 81 93 97 109 111 115 118 131 136 138 141 144 147 153 164 168 183 196 207 223 232 261 262 263 268 269 281 290 293
17 23 34 49 56 58 68 70 72 77 78 79 80 84 86 88 90 93 103 121 122 127 129 131 134 157 170 171 196 202 203 214 224 228 236 249 257 271 276 289
0 3 8 54 55 58 59 63 64 66 76 80 82 98 106 110 127 152 154 159 169 176 186 195 200 201 203 206 207 222 227 229 231 233 237 244 254 267 271 293
0 8 20 25 30 45 48 73 82 87 92 94 96 99 104 115 123 151 161 168 171 178 182 184 189 195 199 213 218 230 231 235 244 245 254 265 267 281 284 292
7 21 24 30 34 43 47 49 51 56 60 67 78 100 103 109 111 116 118 121 126 130 156 171 173 176 194 198 203 215 220 222 223 242 248 253 254 257 263 279
3 18 21 26 30 31 32 39 64 65 69 71 85 91 92 106 115 116 122 123 132 138 160 169 170 177 182 189 194 201 204 225 226 239 241 246 258 270 273 292
3 9 11 14 15 23 32 50 79 86 89 95 97 128 136 137 140 143 145 149 158 159 166 171 172 182 199 202 209 218 221 222 243 244 250 256 267 268 284 292
9 10 11 22 45 51 54 55 63 66 69 76 94 98 103 104 110 111 116 119 124 133 138 149 158 179 189 191 193 202 213 219 222 225 241 246 266 274 289 295
1 3 8 9 22 34 43 64 66 70 75 87 90 91 98 103 109 115 116 128 147 150 151 155 168 180 188 202 217 220 223 228 240 247 250 257 268 290 294 297
0 5 7 15 17 22 27 29 30 31 61 62 88 90 92 104 105 107 108 115 120 129 154 159 167 184 185 190 221 224 237 244 248 261 269 272 277 283 284 286
1 6 11 20 40 44 46 54 60 74 75 77 83 86 93 95 105 111 117 124 140 145 153 157 158 161 203 204 212 215 220 231 234 237 242 271 279 286 288 296
1 7 10 15 17 19 24 27 29 46 51 55 68 73 77 78 92 96 97 101 109 132 150 156 179 180 181 200 204 207 209 212 218 228 239 245 247 248 264 267
4 18 23 27 39 46 60 68 85 86 93 100 103 119 122 144 169 182 189 193 194 195 203 229 235 239 242 249 250 252 255 258 260 269 277 280 288 289 297 298
4 5 6 26 52 53 55 56 60 65 67 68 74 77 95 100 102 103 104 106 108 117 120 121 128 142 146 148 150 155 190 195 209 213 219 221 226 252 281 297
3 5 8 11 17 29 32 51 56 59 69 72 91 93 96 130 139 140 142 165 177 187 189 193 203 209 210 211 219 244 259 260 273 274 284 289 295 296 297 298
6 8 22 33 40 42 43 46 48 71 73 83 84 86 89 94 107 109 115 122 129 131 140 151 171 177 178 181 202 203 227 229 232 238 251 260 275 276 296 297
2 27 45 49 50 57 63 64 82 90 95 103 105 114 122 136 137 140 144 147 148 152 154 156 159 162 175 183 185 187 204 213 226 236 253 254 259 272 292 295
10 14 54 57 75 96 97 102 104 108 116 131 138 143 151 166 168 172 173 180 194 196 199 212 213 217 232 243 247 248 253 257 261 272 273 274 288 289 296 299
1 22 32 37 38 41 43 50 62 72 83 110 111 114 115 117 119 139 143 148 162 167 179 205 217 221 226 228 232 238 239 259 261 269 270 279 289 290 293 298
3 7 14 18 23 25 29 36 40 42 43 44 49 51 59 76 101 104 105 112 161 170 186 188 191 193 205 208 210 222 236 242 248 254 258 278 280 281 295 297
1 2 17 19 36 40 65 73 74 87 88 93 99 106 112 130 136 141 159 168 169 175 200 208 214 222 225 234 240 246 248 251 265 266 267 269 276 277 290 296
1 6 11 17 25 31 32 34 35 36 53 75 84 95 112 114 129 136 137 151 162 166 167 178 181 190 205 208 222 225 226 247 250 257 258 273 284 289 291 297
1 2 4 7 33 62 64 80 82 83 85 89 107 108 114 115 118 132 136 150 155 165 169 176 177 209 225 229 234 236 249 254 258 263 272 283 286 289 291 297
