207 189 112 269 87 85 214 244 46 247 73 234 126 96 251 149 228 166 288 69 94 124 155 88 211 30 133 243 147 21 26 144 38 59 136 117 263 103 54 274
245 226 38 31 34 60 297 80 181 242 153 244 1 82 260 156 257 61 71 166 247 258 139 119 136 110 104 154 39 252 249 202 134 211 174 236 62 109 281 36
79 24 181 118 83 26 149 230 295 167 30 298 70 258 78 236 296 170 187 25 103 38 122 51 113 269 264 144 213 228 265 201 46 86 124 4 151 226 191 27
112 153 107 275 81 168 206 37 133 135 222 68 212 99 281 84 108 1 49 253 154 181 204 218 192 39 271 233 36 157 288 251 187 160 151 295 42 101 289 38
293 125 286 16 246 33 78 177 264 289 206 88 86 180 149 165 270 76 189 142 146 31 148 211 151 73 258 178 54 195 155 72 240 247 52 162 101 144 219 29
278 147 128 72 237 230 180 149 117 86 8 119 280 212 267 70 215 79 27 163 100 21 36 23 6 43 195 271 130 232 22 77 45 204 251 286 129 118 198 144
190 232 193 216 29 250 253 191 73 156 150 186 285 233 40 289 19 25 20 87 202 2 220 172 245 92 255 125 263 56 22 142 121 116 21 209 163 293 158 180
2 12 287 209 215 171 121 9 41 291 279 46 7 294 29 184 272 240 26 98 219 129 142 293 249 204 228 189 232 187 155 146 10 100 92 283 90 20 75 45
125 181 12 239 82 281 122 71 84 98 170 187 94 137 249 156 114 238 139 224 233 299 39 81 221 135 237 223 60 103 270 173 43 293 202 44 220 207 72 34
51 98 232 240 52 197 117 125 83 34 189 206 105 129 45 87 179 196 248 228 74 121 207 164 26 15 8 97 293 64 239 9 57 53 282 108 167 68 126 168
78 17 1 81 115 161 276 267 281 204 112 289 257 227 280 234 183 138 92 108 195 231 50 77 41 82 212 268 8 58 39 157 211 189 43 95 197 34 256 278
98 297 93 42 151 14 285 130 221 281 207 71 31 279 295 288 97 155 48 223 232 183 168 243 184 158 248 96 13 27 29 198 299 70 150 177 193 94 216 270
118 294 116 215 195 108 87 273 217 54 148 32 162 198 39 90 124 176 75 164 235 276 135 68 37 24 194 231 201 112 228 132 224 220 109 159 249 117 74 62
107 100 202 141 73 83 59 131 112 196 7 221 207 185 147 143 66 80 63 288 36 180 216 126 56 222 183 237 255 71 106 54 218 266 22 75 269 257 21 137
66 217 113 49 34 45 251 264 1 184 142 17 65 192 99 268 3 91 278 209 47 111 275 7 220 168 144 139 128 143 18 60 43 199 203 261 255 210 62 226
273 287 178 264 10 76 149 116 167 219 11 191 238 60 49 253 153 159 57 168 180 46 298 150 154 242 95 88 243 234 226 66 64 245 47 205 247 155 275 259
136 3 119 270 139 241 32 99 103 14 114 155 232 218 63 295 215 226 59 144 199 294 45 172 24 100 156 182 212 297 73 89 53 95 80 26 54 296 148 37
245 201 140 202 267 62 48 32 165 263 161 175 272 234 142 55 206 296 213 119 78 280 80 208 197 156 289 34 212 66 135 154 157 67 169 281 13 181 26 155
14 110 45 63 34 40 299 106 254 140 278 58 1 185 157 16 191 258 141 228 287 178 46 206 27 92 89 122 194 13 129 268 125 43 108 240 242 137 103 289
74 45 6 277 261 200 201 123 14 78 212 124 138 30 85 272 118 51 11 217 55 24 271 221 148 92 46 290 286 174 155 98 182 184 48 100 229 0 99 63
180 150 51 120 289 70 82 45 245 294 151 186 31 24 4 140 175 153 272 187 94 185 203 291 95 152 279 125 220 101 284 260 217 213 97 235 169 247 182 17
192 201 150 84 102 194 294 21 236 262 280 153 127 43 277 110 69 222 92 274 8 205 59 228 74 105 63 141 106 215 253 89 223 34 104 185 278 85 159 79
132 162 44 50 10 24 166 287 184 35 279 1 250 280 41 298 154 290 197 46 101 170 246 252 128 121 222 285 32 85 283 75 66 97 49 33 218 189 62 98
183 201 151 221 71 168 208 33 9 254 136 231 21 199 52 203 78 117 293 69 289 105 214 296 186 159 252 28 126 181 111 240 239 276 166 59 158 195 104 137
67 170 175 112 164 31 199 240 56 297 239 153 116 134 74 224 66 146 3 33 261 262 104 136 5 176 195 290 259 86 197 84 174 126 248 212 241 235 145 121
211 4 264 171 222 223 287 158 140 82 294 192 252 8 255 60 79 165 74 182 291 269 153 209 203 198 280 70 83 101 108 268 224 94 185 123 78 295 271 105
276 55 72 103 0 23 156 107 182 8 7 164 108 92 268 215 36 159 17 16 242 112 252 105 210 42 66 153 29 65 19 61 273 287 246 147 145 45 249 262
56 102 81 155 219 51 203 100 216 47 137 43 48 255 42 264 39 112 191 206 80 111 295 61 267 189 286 87 242 127 49 146 27 152 151 251 114 225 246 1
39 156 154 264 167 33 242 211 127 274 48 34 76 215 282 291 42 253 189 251 162 94 45 41 227 161 192 128 97 46 209 10 181 22 203 64 95 225 0 283
107 67 90 262 294 175 44 56 140 244 299 29 51 75 210 94 105 171 0 52 296 10 165 74 231 160 33 110 61 225 283 238 100 274 106 249 136 213 189 235
48 161 242 9 78 104 25 189 181 197 38 113 47 260 203 288 285 281 5 148 46 14 283 164 111 18 153 73 66 79 268 75 6 102 61 24 198 154 172 296
263 127 125 166 190 65 255 281 29 52 279 64 213 126 149 106 16 295 160 231 17 129 155 108 282 276 142 199 262 76 42 84 280 222 85 261 122 284 87 90
175 25 165 1 149 98 269 156 218 129 146 292 244 291 94 260 91 157 82 133 298 135 243 8 187 21 250 137 163 14 20 40 107 264 143 99 4 124 203 119
192 207 2 71 206 150 226 61 10 195 92 59 36 24 285 291 246 151 49 158 143 266 14 261 107 84 233 45 79 35 278 130 112 30 203 69 62 133 270 201
212 222 129 106 188 218 168 160 29 232 205 124 78 195 242 151 223 110 38 213 105 21 41 13 62 243 108 214 140 122 40 83 100 102 184 199 137 203 225 2
172 97 96 65 269 143 44 239 7 42 163 85 159 271 88 37 226 153 197 286 145 32 125 46 101 205 48 75 35 279 270 168 233 193 284 216 266 190 128 267
257 200 174 270 186 168 145 239 96 10 131 256 16 217 102 46 14 135 229 12 288 39 56 79 50 125 33 127 289 173 285 128 164 191 89 73 227 279 80 182
252 141 129 208 202 66 105 226 87 34 44 100 171 1 212 92 59 16 90 143 255 31 38 265 287 121 298 73 64 18 170 20 178 26 194 113 234 253 63 58
166 168 289 24 148 47 97 230 226 220 93 281 161 13 170 94 38 265 295 64 238 244 252 190 264 291 5 82 145 116 284 294 262 132 246 209 90 60 10 245
93 150 92 206 193 66 218 251 89 70 265 264 55 214 263 293 291 7 122 145 204 168 86 109 6 52 269 128 148 142 25 290 72 182 43 77 54 44 67 103
221 297 99 169 197 34 102 142 255 294 186 209 274 60 184 16 220 138 135 108 30 252 210 106 146 217 226 120 4 105 174 202 247 100 223 107 263 46 91 88
195 23 211 157 176 245 25 203 249 202 72 174 194 128 62 135 103 190 170 296 95 102 79 12 229 278 139 196 198 171 251 182 292 77 188 124 272 146 32 112
259 211 33 263 44 58 2 126 178 80 109 23 247 52 186 113 187 175 0 288 54 24 128 101 276 273 193 45 53 236 61 27 29 121 88 48 295 176 210 191
255 109 225 111 135 262 264 281 61 219 270 279 99 221 51 163 141 91 144 288 21 68 224 39 250 98 254 203 126 118 223 252 275 96 95 41 216 24 202 201
155 159 217 47 127 97 48 280 81 53 120 87 208 94 40 152 31 207 228 91 46 231 36 192 38 244 51 218 0 214 114 203 34 102 186 250 76 261 297 113
84 146 23 242 54 280 22 288 241 107 7 11 189 67 101 156 138 240 202 63 38 130 213 139 186 120 42 239 235 65 2 113 5 72 265 278 282 151 192 250
273 66 206 147 140 236 275 111 181 161 212 225 215 97 3 70 255 291 9 16 269 157 247 160 208 197 131 178 137 196 260 124 294 278 297 256 39 144 179 58
132 32 58 189 206 163 43 196 36 162 192 201 205 293 241 61 138 5 236 76 159 1 133 237 190 141 123 64 59 106 296 280 74 274 143 262 52 184 41 214
210 116 21 106 150 45 65 52 255 165 205 208 100 162 251 108 84 261 286 120 140 227 192 244 9 73 220 287 19 142 149 26 17 47 161 28 152 141 3 186
233 71 112 266 286 32 18 83 77 85 93 227 130 257 76 108 184 80 260 177 139 116 246 79 186 114 7 255 87 205 251 171 81 58 178 45 275 86 47 57
213 16 270 98 188 99 204 6 289 288 225 250 25 109 206 211 175 176 61 133 139 140 95 91 7 231 107 224 274 52 80 273 135 12 92 193 126 232 37 298
272 43 60 41 98 201 217 12 58 133 211 202 92 7 80 5 56 261 136 66 84 90 279 154 212 38 17 264 220 213 123 39 25 271 2 239 68 46 257 72
264 229 182 193 100 190 220 200 140 233 111 280 244 227 156 230 269 2 247 191 112 45 297 90 286 0 46 265 268 147 170 66 93 99 209 180 241 202 249 261
188 241 264 140 26 148 16 258 247 77 223 19 71 42 245 266 239 294 288 292 193 252 80 142 54 284 177 269 201 178 170 291 157 228 37 85 5 293 58 232
28 148 205 252 135 154 203 5 259 56 81 54 224 266 209 36 50 175 253 167 121 71 210 286 22 183 220 41 279 297 17 78 84 250 190 208 198 39 2 178
99 236 48 21 42 162 152 101 220 59 34 144 249 148 164 87 251 6 279 283 242 276 90 20 106 167 243 199 225 85 181 270 213 78 141 233 262 25 210 287
291 258 145 231 134 185 58 60 250 11 36 131 209 12 150 201 184 16 83 279 223 132 191 61 72 9 135 173 293 45 126 17 225 141 242 38 218 1 272 206
22 113 207 123 242 144 185 253 161 261 98 74 247 13 212 37 132 139 224 229 15 95 11 239 103 86 263 269 14 173 146 200 111 298 83 216 208 223 116 181
150 91 256 229 266 125 59 165 181 167 127 243 277 55 96 203 260 157 241 197 0 11 120 90 137 65 23 117 114 189 119 217 250 230 242 223 67 102 76 24
151 1 16 95 295 269 267 112 67 23 53 172 4 60 247 260 123 173 180 251 252 205 276 68 177 75 136 213 130 178 74 138 176 280 45 209 18 244 55 111
153 1 145 54 15 174 105 254 67 120 18 252 40 87 241 204 182 196 88 273 218 81 139 85 173 95 117 220 143 211 166 74 277 165 214 237 242 179 239 127
179 257 237 184 208 4 156 258 199 37 92 11 239 104 110 45 259 83 40 6 289 75 267 198 177 236 189 124 175 57 233 84 64 87 97 19 247 242 58 25
268 160 113 32 4 42 73 194 205 217 10 146 296 84 239 110 188 80 117 203 229 75 9 198 31 47 192 102 85 183 292 151 88 144 62 157 228 152 164 244
262 88 9 40 108 254 63 193 213 84 87 171 41 100 228 72 191 192 177 252 157 102 78 105 284 206 257 134 291 220 82 58 27 138 194 73 285 30 120 297
80 19 34 81 275 159 95 290 184 261 171 139 28 152 131 190 75 79 56 90 99 33 293 222 195 229 160 35 83 223 49 121 296 45 53 169 218 68 282 59
0 275 117 116 96 191 99 62 33 205 262 212 95 290 156 196 170 129 145 67 221 175 125 56 48 49 103 267 178 32 100 197 78 164 27 105 34 47 299 131
23 131 262 13 29 196 49 125 4 0 202 66 263 104 249 296 291 145 213 293 210 232 30 37 243 22 63 110 274 111 170 129 228 34 166 141 135 191 14 152
88 155 91 220 165 140 120 201 298 69 258 15 117 123 229 182 63 272 101 176 168 283 161 186 112 164 17 127 248 253 177 138 152 18 42 247 44 25 28 11
128 144 282 262 258 78 290 284 171 65 294 21 76 47 59 12 127 233 18 97 149 238 250 100 278 6 202 177 67 53 56 249 151 289 131 165 150 198 37 215
23 220 42 162 89 180 207 181 49 18 29 215 212 156 240 291 274 102 34 95 197 96 239 117 171 21 61 298 107 105 9 213 99 93 179 31 50 250 48 203
117 84 157 248 169 182 103 277 52 139 196 186 282 107 184 90 209 33 195 263 142 208 68 109 72 48 225 44 133 29 171 55 198 81 288 89 74 14 266 108
53 152 104 138 35 277 286 29 287 218 294 22 113 108 189 249 261 193 45 232 142 25 282 135 293 101 43 227 26 100 175 271 3 4 180 190 90 186 224 149
197 37 145 181 232 118 277 94 288 210 57 284 28 184 294 54 27 104 287 180 280 177 12 237 67 66 25 109 263 192 170 68 195 147 50 259 245 282 251 45
179 146 161 157 149 145 63 260 182 296 46 272 169 273 173 22 0 241 172 143 261 163 121 267 64 98 265 217 91 134 277 82 79 129 279 188 57 12 31 44
146 183 164 182 130 36 29 22 231 270 273 61 153 95 9 220 131 267 125 108 265 144 88 34 157 73 43 171 278 249 203 40 118 139 288 76 194 155 70 282
188 77 117 218 203 93 174 197 206 21 146 229 119 128 99 27 35 95 74 37 38 40 13 162 172 226 86 239 106 145 255 17 153 287 43 268 168 49 248 73
34 212 14 258 125 198 200 178 100 173 219 27 146 32 216 280 132 253 47 190 86 59 256 9 77 292 30 179 152 89 214 49 187 288 296 246 177 71 209 225
1 73 102 172 137 72 156 235 31 203 250 139 199 7 103 39 220 68 165 178 210 163 127 208 204 140 216 180 100 246 256 211 218 215 292 207 28 67 135 290
84 270 124 143 181 55 131 11 98 100 178 89 139 54 264 87 37 96 288 261 260 99 293 73 57 64 74 177 105 42 248 245 165 93 23 133 240 221 210 213
56 49 295 161 81 39 11 68 245 90 8 59 268 172 204 211 296 224 189 195 207 98 65 22 240 102 30 76 34 158 106 185 149 221 201 91 252 3 247 256
203 269 6 163 125 220 111 218 179 291 68 213 292 230 174 282 101 99 228 41 26 50 20 272 98 62 290 224 75 28 47 270 128 77 142 123 237 100 66 185
124 109 19 45 199 3 18 205 201 75 250 2 27 236 286 72 273 243 187 226 62 275 147 218 107 155 103 210 71 156 95 83 134 173 281 237 160 130 76 227
216 116 102 247 262 2 18 57 250 158 170 140 13 136 279 152 25 183 91 118 29 137 280 7 145 103 81 210 288 168 121 3 9 254 178 245 10 182 196 58
102 199 293 39 280 232 198 57 296 95 283 210 85 206 97 26 142 80 91 297 145 175 84 28 64 240 197 161 178 284 165 27 94 267 223 5 234 14 289 200
173 119 191 228 77 215 1 177 281 48 206 278 135 259 146 257 45 279 144 52 234 133 274 221 141 115 98 273 44 49 53 12 166 27 219 183 121 167 21 109
229 112 297 159 35 271 240 177 281 107 98 61 29 121 259 205 144 193 257 227 224 99 237 196 101 183 90 209 251 87 262 115 80 255 60 85 73 172 106 180
254 257 177 216 158 283 136 242 95 172 182 163 88 270 37 229 201 124 274 237 167 281 148 287 208 30 239 250 220 157 231 298 8 137 118 259 138 64 199 20
163 216 97 210 170 101 26 51 232 225 166 237 96 207 124 72 194 187 298 78 196 46 123 197 180 34 205 70 175 177 291 109 32 228 79 151 53 91 280 181
242 91 148 57 150 86 211 232 121 124 56 192 140 62 162 138 130 68 146 164 195 177 39 35 18 176 28 191 127 76 227 228 238 78 125 135 181 15 236 107
104 105 80 138 31 91 281 155 65 124 263 95 128 54 10 200 247 179 21 110 290 167 201 84 46 294 169 25 45 287 170 257 210 28 235 230 15 175 100 221
36 222 129 164 93 240 94 256 75 17 134 65 266 14 113 22 171 206 117 174 79 265 271 213 105 112 290 165 135 153 64 293 77 51 157 116 202 179 35 298
236 94 95 64 126 116 224 220 125 246 192 7 102 206 279 298 36 31 251 240 168 77 179 282 260 123 198 161 215 122 65 80 193 170 48 273 176 58 223 262
84 88 231 21 279 261 159 171 13 246 198 188 170 206 79 134 287 265 143 124 108 147 169 105 230 202 82 229 59 291 81 149 239 255 199 242 125 162 28 30
14 50 1 27 218 151 79 163 254 48 260 276 57 113 197 166 277 68 257 38 214 225 107 95 28 176 173 273 196 5 120 224 291 279 111 296 112 86 205 71
236 257 138 250 296 281 81 68 110 259 49 224 98 255 270 232 197 16 31 182 298 54 280 171 58 62 87 269 157 80 223 76 43 137 29 73 181 94 243 203
291 202 81 225 11 142 49 97 168 192 271 275 264 270 283 186 218 244 185 150 0 167 278 193 84 90 182 3 200 34 295 20 176 156 53 134 227 1 163 127
269 117 171 234 121 294 291 96 57 141 106 84 287 170 222 289 101 126 194 86 48 138 52 178 2 266 76 8 241 128 204 93 11 231 118 30 267 249 151 260
141 151 253 233 274 270 119 73 7 156 132 109 265 166 146 183 161 195 198 162 218 295 118 284 63 122 248 267 5 247 225 174 18 88 111 179 163 59 288 148
246 140 114 226 131 197 184 213 173 31 242 202 170 287 90 42 162 229 268 260 135 263 47 104 156 155 279 143 217 161 69 282 48 93 271 145 190 61 187 165
95 91 121 290 172 244 276 39 31 58 235 198 54 114 141 20 173 215 167 102 46 108 272 222 53 249 275 8 56 248 165 10 37 12 96 75 146 51 205 127
106 201 46 14 67 265 147 212 132 245 17 80 280 21 93 76 294 260 7 115 22 123 233 51 4 36 32 136 1 211 221 37 196 274 263 48 172 104 248 241
114 254 66 79 186 237 43 100 167 246 8 46 1 258 225 136 299 80 286 279 151 200 247 174 121 23 68 232 102 51 49 293 147 284 125 245 75 91 251 93
258 204 118 254 286 86 255 191 170 35 33 87 195 234 158 223 247 240 292 238 275 273 219 217 27 160 274 207 186 138 228 224 128 297 251 229 20 60 109 271
146 105 241 227 9 110 293 223 39 195 49 102 103 46 67 51 143 207 268 259 156 18 289 64 258 94 22 244 75 0 155 275 168 287 62 137 104 41 132 5
258 43 93 106 12 123 46 130 166 81 262 3 276 35 47 177 215 222 147 121 207 69 76 14 170 151 232 274 85 146 192 225 260 176 73 185 254 205 105 236
235 144 285 73 159 194 294 201 137 158 32 297 251 205 80 254 236 160 256 85 103 231 77 69 114 105 8 97 29 277 171 93 198 217 161 175 136 108 212 292
211 128 69 262 12 147 216 120 48 161 80 166 31 56 144 239 232 59 192 4 281 298 164 223 150 86 220 188 231 157 165 181 172 180 38 264 228 32 123 285
88 69 96 65 12 228 291 85 186 234 17 270 128 250 227 206 75 251 249 150 32 237 154 284 49 24 132 124 261 143 235 224 160 61 226 144 202 7 175 208
74 111 153 158 79 297 243 85 170 117 246 70 226 162 263 96 2 247 16 15 269 19 240 213 37 66 218 128 36 130 4 194 40 91 197 75 289 295 202 100
252 52 169 286 87 18 283 188 270 299 109 242 194 77 158 7 23 26 110 54 136 138 61 277 112 147 296 220 243 151 50 119 177 210 134 259 272 197 14 159
53 296 174 203 8 234 288 242 154 230 91 143 128 65 283 236 47 142 139 73 165 127 265 287 151 36 29 152 104 146 227 2 273 6 281 131 60 256 244 240
36 148 146 64 209 282 223 167 121 213 73 295 291 236 180 96 271 162 192 87 203 150 198 293 156 39 109 67 79 62 57 141 247 90 219 74 210 4 91 266
9 124 138 208 81 221 226 163 7 152 98 104 52 89 146 290 94 168 239 233 102 17 121 44 119 271 183 137 214 236 133 132 153 24 264 32 43 95 287 220
20 211 120 199 65 249 124 78 29 34 245 8 225 132 102 154 138 70 53 137 66 279 112 143 148 84 153 187 282 191 46 10 277 175 258 190 11 97 55 90
4 174 5 7 123 241 222 22 237 216 77 59 170 55 27 258 177 100 247 99 236 169 150 213 244 286 122 32 0 190 91 145 102 35 6 184 192 31 188 130
105 120 116 1 121 263 55 39 89 280 124 52 235 206 113 174 247 187 43 31 227 242 214 93 251 83 151 3 102 148 65 25 16 169 70 114 156 7 171 219
283 49 113 146 165 54 203 261 272 247 92 104 154 105 294 17 290 73 142 98 24 18 292 128 281 235 265 88 30 156 212 42 172 71 184 231 178 187 67 186
94 170 3 28 108 0 284 125 40 148 114 134 82 80 175 157 167 79 21 272 95 234 248 224 209 50 58 12 162 288 105 99 200 155 296 59 281 278 37 282
28 133 250 214 297 117 236 218 50 91 35 65 231 163 195 235 105 18 73 275 43 55 81 8 291 180 45 80 269 196 298 130 170 5 153 12 59 161 290 96
266 242 120 201 181 150 147 230 191 249 222 217 15 276 24 128 295 218 114 290 165 281 44 125 183 212 93 133 204 77 175 109 35 13 105 243 0 148 238 177
217 85 86 89 204 218 183 117 292 20 170 194 13 101 227 162 46 226 249 67 244 80 92 290 230 286 130 271 11 116 202 143 61 166 238 47 256 151 37 221
147 235 121 194 295 212 183 63 242 203 18 34 66 151 298 25 258 157 71 290 90 165 244 153 227 250 211 176 259 152 75 128 41 17 144 180 100 68 196 186
69 245 81 93 11 274 157 233 221 254 25 57 204 299 234 104 277 94 102 13 172 199 29 38 220 183 74 265 151 282 268 247 63 198 297 189 66 285 190 294
44 108 164 35 166 136 286 277 30 299 114 241 262 38 25 172 122 182 72 268 146 126 154 7 170 28 16 143 113 112 227 200 68 4 192 214 221 57 22 92
195 204 200 37 119 50 101 180 72 178 20 1 4 103 97 139 277 218 253 254 181 145 73 149 61 257 143 163 239 194 89 294 54 7 132 209 261 135 190 244
220 61 134 156 205 207 229 267 206 227 264 248 40 289 26 109 131 272 187 14 77 151 278 16 39 98 147 243 55 125 198 281 174 170 177 221 123 79 124 164
286 16 25 103 227 259 247 184 87 88 214 112 280 40 119 205 111 78 139 120 56 63 145 168 218 43 291 15 34 182 138 223 29 284 36 203 151 30 91 7
114 286 156 87 46 31 171 7 3 112 29 111 186 221 37 178 214 198 167 182 288 296 191 259 148 272 11 72 216 223 244 150 256 183 213 67 144 274 50 180
155 131 177 205 190 224 28 153 168 248 167 55 40 227 191 29 210 54 208 13 7 89 85 282 161 228 186 196 163 119 77 148 285 211 107 146 243 137 215 240
182 126 72 60 30 117 157 270 68 290 106 92 27 272 220 2 0 71 121 137 240 294 105 32 38 278 234 83 98 178 280 78 43 174 166 181 133 37 52 77
46 1 184 151 12 9 98 205 224 77 143 7 124 97 4 238 237 134 250 166 25 5 210 70 204 42 240 79 291 201 148 298 275 95 200 227 80 221 101 107
191 180 29 259 251 46 101 44 256 137 59 274 232 103 129 112 143 262 276 8 7 69 35 284 70 297 288 184 76 196 95 231 193 271 189 198 55 285 244 254
259 243 291 222 125 150 155 210 30 132 262 209 91 277 57 276 26 249 52 78 267 166 41 87 20 287 298 171 165 250 73 233 204 258 284 153 193 74 147 138
245 30 40 277 180 193 295 267 275 88 42 119 117 32 78 59 18 20 86 242 274 130 167 228 297 201 163 177 157 202 247 15 141 162 237 265 108 67 29 39
282 191 271 64 75 72 81 40 111 233 207 61 197 56 102 47 218 276 213 39 226 20 106 244 28 204 173 221 21 163 295 149 84 130 291 299 208 103 199 134
41 97 215 130 40 76 172 282 233 247 279 94 51 64 114 168 31 165 45 151 164 258 16 294 128 262 291 223 224 155 261 93 204 72 191 241 109 56 200 86
297 129 29 257 245 74 33 211 207 20 111 191 276 227 197 96 98 82 133 176 5 264 61 256 259 193 34 26 172 39 260 203 184 88 170 157 210 110 121 230
152 108 56 297 145 187 137 257 288 58 209 22 138 189 295 125 31 135 169 37 83 275 225 271 203 175 290 259 49 231 237 27 148 164 160 50 126 249 86 103
14 261 49 172 264 200 84 240 41 45 193 17 277 281 98 262 232 205 245 11 252 238 275 271 212 171 257 123 267 52 290 226 115 130 78 108 153 64 263 276
220 238 88 41 196 285 119 160 235 47 252 272 221 40 148 31 297 279 283 289 215 273 197 258 179 78 66 20 12 75 44 240 211 39 173 11 104 203 132 262
148 108 20 150 34 200 253 155 30 96 93 202 289 161 160 273 180 235 121 261 42 7 106 26 68 38 55 119 102 199 233 169 56 281 46 224 210 82 128 53
173 24 64 226 74 166 98 219 255 190 95 106 30 2 285 118 1 44 287 22 238 172 236 97 208 261 199 42 258 251 233 239 228 224 156 269 243 122 187 276
229 292 243 57 32 69 43 231 283 277 93 2 206 254 30 274 267 66 248 201 280 17 174 20 67 134 56 268 52 252 259 272 3 10 35 153 34 183 161 228
48 0 154 111 4 25 275 6 134 238 122 97 152 3 195 265 93 202 81 77 133 73 290 279 38 177 101 148 204 227 96 62 65 247 59 67 31 90 57 56
67 102 68 241 18 255 105 253 72 39 60 232 184 227 69 295 287 89 203 259 110 206 56 21 273 214 66 263 262 152 231 230 174 158 196 85 20 150 111 219
65 102 76 90 74 135 219 104 253 173 153 108 100 181 281 142 101 17 111 110 10 148 196 24 27 49 200 187 248 243 175 75 205 201 40 143 229 92 78 210
90 122 100 141 129 31 2 0 5 171 243 170 93 218 148 221 182 164 110 284 146 86 1 160 14 89 71 294 121 97 256 203 3 114 230 120 163 91 269 82
119 194 184 3 237 269 252 185 41 133 179 17 118 297 228 255 40 295 203 191 52 271 136 249 71 232 299 75 230 266 261 137 150 100 196 177 29 23 49 98
36 125 273 221 40 67 254 112 96 83 2 11 24 159 151 290 33 12 268 5 78 246 69 194 181 146 186 114 212 214 216 213 79 207 25 265 63 227 219 258
243 132 223 142 183 295 288 127 146 77 26 111 100 217 51 191 173 172 244 112 83 258 74 82 196 151 279 91 293 33 14 235 267 171 159 86 157 44 113 225
205 231 240 21 158 119 37 102 211 63 104 115 199 190 98 298 33 12 226 212 74 118 217 128 136 135 266 40 130 23 229 227 290 151 82 276 35 246 262 89
1 35 238 99 61 290 126 152 25 100 104 258 217 197 94 137 158 207 109 229 166 81 9 62 21 60 193 156 196 280 177 79 298 267 16 12 11 273 17 127
87 47 32 245 151 222 153 100 49 31 277 82 41 228 14 240 288 204 299 61 285 23 108 76 197 154 50 195 156 284 102 51 63 34 229 5 237 241 1 52
142 85 82 14 169 13 297 66 90 91 104 12 102 130 295 206 6 261 189 11 105 279 204 68 185 65 281 51 110 175 233 86 205 292 237 159 96 140 62 60
270 201 48 27 216 261 253 46 56 19 5 50 119 13 35 61 116 128 96 125 58 33 283 135 59 89 199 64 4 101 158 144 211 25 296 248 28 193 268 136
242 72 155 284 38 166 288 121 126 55 212 237 64 124 292 298 63 280 282 205 89 61 234 54 193 23 28 230 114 100 297 30 6 162 150 157 2 161 3 191
14 222 160 218 249 248 79 165 13 21 102 236 215 237 173 205 105 187 3 243 286 159 49 118 22 289 60 29 139 241 120 296 7 125 149 28 46 89 277 97
251 58 185 109 98 264 37 133 145 76 146 186 155 23 234 272 158 154 295 184 265 259 43 55 24 245 65 112 136 150 220 238 223 203 176 225 144 45 143 277
254 78 19 166 178 217 122 197 127 193 67 59 262 142 28 216 32 230 296 70 132 243 220 187 160 118 221 235 20 126 257 79 253 188 250 35 247 287 129 276
200 84 179 199 41 231 59 17 293 202 180 74 162 279 82 230 288 98 213 157 140 298 158 228 289 87 282 190 31 197 13 263 216 93 142 250 276 256 8 126
184 140 271 237 279 155 44 17 262 122 266 175 143 277 283 129 220 46 23 61 79 216 141 153 43 29 9 244 190 111 64 41 110 11 82 12 33 202 2 241
90 261 197 193 252 224 23 166 29 227 52 207 218 40 138 164 26 61 266 111 223 233 250 151 195 282 78 189 134 145 152 88 41 121 271 95 127 293 86 174
213 195 197 149 167 228 7 238 137 141 25 218 147 209 253 99 135 162 293 131 136 201 236 154 8 243 210 244 120 48 191 113 225 114 16 222 22 297 106 184
193 262 197 297 162 266 86 75 298 0 203 20 293 210 24 77 243 287 17 271 264 209 185 134 82 173 196 248 167 229 275 143 148 110 109 115 42 259 295 284
277 125 86 287 98 262 148 96 54 230 75 25 57 105 197 126 147 263 17 115 215 175 65 100 34 199 48 118 291 81 292 104 289 30 5 21 253 121 238 221
37 19 2 153 272 251 276 65 288 161 144 255 173 142 0 283 20 87 252 216 18 71 194 175 189 207 86 102 294 6 181 84 299 66 229 62 15 81 219 89
137 171 114 269 255 272 131 245 123 68 1 52 16 43 227 27 175 65 76 158 91 226 211 63 215 204 31 35 67 221 17 101 297 291 250 161 82 22 243 191
97 242 269 179 144 38 283 50 250 89 126 84 24 194 217 231 227 17 296 60 98 121 45 142 289 72 6 127 128 77 161 1 114 277 202 42 35 212 230 273
149 109 84 187 203 284 291 107 29 36 3 220 47 119 63 264 14 166 214 83 151 249 266 181 246 253 222 194 102 221 150 226 97 54 254 261 147 129 69 256
222 90 150 89 9 209 113 98 294 218 183 276 252 299 170 191 224 255 14 21 40 192 143 63 199 286 189 283 3 274 234 38 147 18 295 163 65 215 173 240
23 184 26 114 99 122 299 179 89 238 136 74 50 148 240 111 181 91 223 137 138 150 120 205 253 69 229 192 10 96 11 17 279 146 261 149 130 140 173 255
177 200 289 250 54 280 85 123 45 76 28 116 136 159 63 48 192 198 93 186 25 138 16 209 64 80 29 178 100 56 87 129 294 261 292 247 132 47 97 126
95 282 127 139 226 201 1 84 16 284 72 179 272 30 170 63 262 200 141 140 181 280 247 248 287 156 138 79 172 211 118 19 7 4 59 112 229 142 10 42
231 238 39 256 93 265 155 173 156 190 106 189 185 98 172 293 79 187 51 140 44 215 178 234 57 52 175 47 267 88 40 263 260 56 119 241 97 228 134 103
123 287 252 28 180 172 209 101 150 66 201 189 212 163 126 8 60 72 289 40 94 293 266 183 2 18 240 238 53 111 93 235 211 230 59 286 197 17 100 227
250 64 284 48 30 296 62 53 36 61 21 166 29 5 74 171 103 94 206 252 19 235 124 105 217 238 249 72 207 161 255 247 116 291 259 24 98 234 194 225
11 255 63 123 43 209 20 7 193 28 170 177 240 37 171 179 285 162 262 169 180 100 88 112 18 147 78 156 40 106 39 295 3 66 9 202 247 236 267 212
92 76 173 7 178 273 61 224 206 183 36 226 10 202 22 98 42 212 157 181 127 193 233 79 245 94 150 93 19 140 55 297 25 144 191 274 69 77 4 116
283 251 114 27 46 207 134 142 85 200 4 214 196 213 137 113 169 94 288 237 45 263 268 33 220 11 230 76 182 100 247 108 234 65 241 171 245 223 164 266
106 7 94 173 49 191 144 51 73 236 46 200 250 39 162 99 22 24 81 157 75 294 156 150 249 241 52 278 209 292 54 201 14 8 265 285 112 61 20 101
267 235 147 269 143 179 103 174 79 280 149 120 90 83 119 236 142 237 265 150 266 176 165 75 43 59 136 117 34 255 220 144 153 50 260 219 16 270 5 169
120 157 29 94 239 261 115 137 65 93 183 51 176 262 117 6 189 148 82 242 145 31 10 43 273 96 244 84 124 76 72 154 2 173 219 143 180 23 88 156
241 158 271 176 96 169 138 157 210 145 24 122 222 195 53 167 127 98 239 102 180 8 225 111 6 173 292 77 113 85 216 275 279 240 128 47 159 200 72 166
90 209 246 21 82 2 227 154 112 50 71 75 240 287 108 70 8 25 294 81 208 162 15 130 131 103 9 220 129 264 198 228 234 243 44 123 244 217 84 260
294 232 291 118 30 241 40 67 52 252 137 103 3 33 34 10 141 98 175 292 234 143 282 223 102 285 78 150 108 74 25 140 130 119 19 120 182 270 214 64
107 6 226 90 54 260 11 227 257 233 80 1 266 117 25 132 56 228 179 162 78 49 211 35 263 277 283 184 102 262 151 190 175 58 280 275 37 292 225 278
110 275 52 56 124 280 2 67 53 253 198 140 98 290 45 215 209 264 250 297 224 233 22 128 185 18 153 165 231 228 119 161 148 241 207 160 248 80 123 137
169 176 218 183 194 69 11 49 226 215 273 279 103 259 134 223 203 131 251 50 149 153 238 159 43 272 239 295 222 78 73 89 80 188 170 82 26 104 23 84
89 212 55 201 6 125 10 140 134 145 26 122 53 167 237 181 293 273 254 223 260 225 105 69 132 20 220 138 183 44 22 270 85 100 11 64 206 45 14 222
115 207 35 13 209 4 73 284 112 194 56 161 246 290 18 27 271 114 203 164 210 53 293 2 65 196 279 173 191 57 220 248 176 16 167 190 20 270 232 25
153 216 248 241 272 31 38 288 154 220 99 44 202 19 253 286 215 129 25 110 29 271 71 97 259 41 196 69 145 260 89 223 32 16 84 17 282 137 35 190
249 45 112 263 298 208 92 17 222 49 241 93 287 123 96 113 199 151 161 4 220 97 121 284 243 273 125 252 65 94 83 211 172 66 24 47 138 282 182 206
264 294 133 17 211 127 297 91 0 251 22 19 85 63 126 229 200 223 23 60 216 81 278 68 73 222 86 190 179 59 210 286 4 234 283 161 173 31 48 27
27 66 232 228 248 114 125 170 175 197 144 238 145 235 116 218 69 13 65 172 74 141 23 60 21 201 48 54 200 171 99 275 112 138 188 265 193 101 264 161
297 299 67 96 279 156 75 200 66 185 267 215 48 195 238 213 266 102 270 51 225 206 228 59 24 193 208 5 22 34 0 53 20 180 201 15 23 170 251 46
169 110 210 98 281 24 201 43 117 262 235 263 101 85 200 183 118 176 69 150 5 25 0 198 219 284 134 192 214 88 249 168 223 160 108 254 244 278 153 126
233 196 13 62 168 214 277 151 108 74 267 135 46 294 98 115 207 12 14 118 204 295 126 286 114 190 253 181 229 18 127 15 188 5 86 292 101 165 252 177
227 169 10 214 230 1 151 14 101 51 191 184 103 279 2 107 38 280 145 139 20 287 86 274 43 257 265 102 116 165 87 182 131 69 82 35 204 202 221 63
122 198 78 283 66 282 69 117 285 228 88 261 241 134 226 142 98 95 250 148 290 111 186 46 35 203 244 164 16 53 217 191 238 74 223 50 181 87 229 163
85 157 268 186 270 262 215 133 261 159 184 277 130 99 220 285 175 218 13 59 87 12 224 182 26 110 217 235 153 84 105 251 79 178 49 273 25 297 21 252
191 141 18 52 53 125 275 243 294 14 257 175 227 72 79 262 182 100 232 263 189 89 151 242 152 206 224 212 210 198 267 1 225 10 185 170 28 162 111 159
203 184 288 29 47 174 35 10 73 38 273 246 76 293 120 166 59 144 129 131 258 78 241 191 204 62 19 217 110 270 280 55 215 69 83 197 63 121 199 127
108 162 112 255 81 221 22 263 180 293 213 157 127 59 147 140 176 42 91 9 256 267 138 297 2 113 144 232 86 229 295 215 115 82 268 185 32 287 109 212
1 42 24 207 83 195 66 115 123 240 98 70 114 57 74 255 0 194 223 107 75 293 235 78 102 91 186 282 202 45 259 101 59 61 170 99 58 94 213 108
177 89 70 98 93 181 29 44 105 87 33 227 120 128 100 273 206 94 238 259 119 113 39 255 64 236 137 140 292 160 71 233 254 179 192 42 46 295 92 213
114 22 50 156 186 281 21 136 206 231 217 15 36 145 73 164 94 291 177 125 276 68 178 2 160 205 26 233 165 92 203 273 117 128 90 130 45 80 287 170
114 68 131 78 209 121 146 80 156 149 87 104 122 100 18 133 186 223 153 285 236 201 138 61 245 77 115 49 197 275 228 32 235 23 14 0 179 118 1 137
137 297 125 21 173 220 146 266 34 83 23 5 185 180 100 298 109 79 262 191 75 232 91 200 80 59 104 175 196 94 14 150 52 222 53 264 27 206 102 176
291 41 294 281 223 276 176 204 295 268 36 160 225 92 282 125 69 261 80 186 143 241 190 100 256 287 81 162 229 90 208 247 148 255 8 173 30 298 285 118
138 0 87 115 238 56 116 245 171 280 144 295 241 147 81 63 159 14 5 197 212 195 142 31 189 158 269 68 173 54 247 156 50 284 214 270 223 42 34 179
78 11 228 86 70 246 60 147 59 158 261 149 224 197 151 107 287 216 177 206 296 164 221 274 7 289 214 32 222 241 117 81 199 51 43 65 205 52 3 63
22 168 274 118 220 64 296 217 37 20 173 201 183 52 172 138 70 190 170 106 245 206 153 53 65 77 277 229 280 166 179 42 247 76 88 2 246 181 128 127
268 96 294 285 295 28 80 164 234 89 291 245 197 161 22 150 276 182 252 174 229 233 6 266 75 232 35 237 189 180 254 39 83 281 154 286 113 54 288 86
253 265 119 206 207 3 172 154 183 27 12 140 115 70 293 39 18 107 84 156 269 262 251 214 228 129 96 294 210 166 280 237 138 21 298 266 95 19 133 169
92 167 157 5 102 51 262 96 194 292 135 267 81 287 293 105 187 143 150 270 54 254 212 83 72 131 256 42 75 177 101 109 220 41 197 280 286 99 221 2
68 205 51 14 183 164 58 89 7 116 213 149 295 260 197 147 5 48 139 245 230 214 235 154 226 12 97 122 109 29 160 210 191 211 175 252 199 40 206 2
152 60 216 34 33 248 112 214 257 140 77 116 110 192 23 259 22 217 215 16 54 264 63 121 188 288 265 282 296 71 155 119 84 108 148 99 210 269 65 289
145 36 226 109 48 291 283 37 195 101 130 65 6 74 116 143 252 40 156 212 274 223 199 168 138 222 69 286 137 79 200 149 86 52 231 5 93 19 220 140
257 33 180 254 276 93 78 295 252 266 194 92 212 77 55 65 156 125 182 41 21 1 112 244 173 104 100 79 178 240 222 14 271 89 177 111 145 146 187 163
259 208 199 46 264 21 181 262 267 89 40 253 128 203 33 19 165 294 169 106 42 132 217 50 98 145 176 156 153 8 44 43 99 15 55 54 118 215 202 56
16 232 128 23 35 218 212 41 149 261 53 291 167 92 264 122 181 13 190 271 180 24 217 102 77 249 160 247 86 244 274 229 133 70 67 260 193 294 183 65
270 144 165 101 70 133 136 291 245 106 23 126 36 89 123 182 120 95 137 220 114 24 130 74 97 145 230 94 193 210 81 178 244 127 53 209 113 18 43 140
178 38 181 141 8 225 177 145 288 173 89 7 21 284 215 12 88 255 76 78 92 144 246 186 273 276 208 27 29 286 50 157 203 193 131 99 5 71 136 169
271 225 35 265 298 262 138 107 249 190 241 25 66 182 180 277 171 23 266 24 279 282 169 100 264 96 253 43 136 174 162 90 290 49 228 145 114 41 7 88
293 62 270 48 135 2 157 274 116 290 276 52 55 188 106 210 88 249 13 296 217 87 284 4 23 152 264 260 60 272 200 22 125 180 207 90 151 248 164 14
294 208 1 108 83 223 79 92 253 220 282 67 40 210 131 277 243 107 270 236 30 293 53 95 185 51 240 143 285 266 168 128 233 138 188 9 147 297 88 64
128 180 36 182 159 217 227 181 65 54 9 100 239 245 27 60 188 134 21 99 3 78 151 68 15 189 14 156 172 226 143 122 190 61 293 106 19 93 86 28
247 191 65 4 43 228 193 24 206 196 122 100 137 111 219 223 225 82 276 97 102 286 245 45 298 95 57 39 216 295 279 132 289 152 229 271 221 68 14 200
33 278 65 222 82 51 90 124 242 6 140 89 113 179 7 3 64 186 38 279 63 37 118 19 41 211 239 155 156 250 274 47 13 73 262 203 61 75 22 181
101 57 115 175 58 288 235 15 48 139 217 177 251 61 147 24 298 205 194 218 246 42 35 137 245 266 153 94 104 120 210 140 141 290 256 38 112 196 211 142
224 263 194 55 42 246 239 33 197 170 134 150 83 152 226 36 250 290 65 216 211 126 138 76 137 93 299 177 180 253 102 251 275 254 259 58 54 243 161 183
4 114 88 10 110 78 203 60 69 64 123 133 288 34 248 67 31 76 120 111 186 149 168 199 33 224 189 290 173 172 297 108 264 142 160 152 11 65 188 72
185 26 220 130 43 258 289 74 173 215 84 94 9 211 190 82 209 247 58 176 10 162 129 134 271 6 32 159 186 197 30 52 36 223 182 92 123 295 3 93
243 41 289 39 203 191 143 228 5 95 222 154 181 266 260 91 262 171 278 190 242 235 135 90 144 107 199 21 25 101 220 23 216 179 46 157 194 29 109 237
181 204 243 291 201 297 246 206 189 265 161 1 70 107 244 144 78 287 284 19 157 194 158 6 261 35 268 108 270 134 13 156 91 54 50 60 84 217 210 289
237 266 233 196 172 198 155 36 234 140 102 227 165 19 22 1 293 109 221 187 159 39 24 123 209 135 126 151 189 177 197 231 297 110 291 23 21 117 274 6
268 164 34 195 165 54 42 108 44 96 162 140 24 266 88 238 184 176 262 137 132 153 214 131 65 63 55 290 3 67 128 50 17 105 288 200 263 198 167 117
100 256 142 297 234 289 107 193 241 221 226 151 238 242 135 23 144 222 4 254 274 175 35 41 248 271 223 286 5 178 249 9 40 25 73 219 124 153 290 0
235 139 292 178 29 79 32 293 72 9 125 132 51 36 220 39 91 101 283 165 263 247 100 207 227 199 217 219 157 1 146 153 224 265 130 264 42 48 95 75
271 59 148 141 21 212 176 259 222 6 37 110 230 132 297 139 7 84 18 185 128 199 58 30 95 53 9 288 237 273 202 200 2 280 181 109 228 69 172 232
17 206 131 227 61 105 225 245 140 141 101 172 145 211 130 114 247 18 31 179 296 272 66 25 48 125 46 107 81 136 10 262 137 178 118 138 234 151 182 154
166 243 256 273 28 53 16 227 165 156 102 12 299 141 71 155 157 61 208 233 85 132 77 38 265 267 140 56 200 268 39 217 177 4 239 74 92 90 184 291
243 83 219 292 106 116 256 233 123 205 208 55 138 149 276 151 39 260 65 72 12 104 97 171 112 210 153 87 69 197 201 206 252 2 155 98 240 50 25 178
1 218 214 280 121 221 181 10 42 238 180 227 197 215 265 219 253 110 216 223 196 54 207 148 17 291 226 117 141 176 194 241 171 5 146 150 72 195 101 14
96 197 110 23 71 38 147 36 173 27 90 143 164 189 109 298 97 41 240 183 111 42 4 116 148 128 133 159 10 45 172 161 43 180 28 37 15 235 57 281
188 66 31 275 130 148 215 4 286 198 228 257 168 220 256 27 227 147 0 179 23 186 172 21 210 28 61 74 158 175 10 171 157 276 149 129 126 248 76 143
180 269 126 64 237 100 1 181 5 78 271 247 217 20 47 272 131 52 251 82 211 35 13 107 149 79 156 83 21 244 11 73 203 34 145 97 299 286 228 116
92 201 9 63 262 295 104 216 125 178 217 294 34 269 100 53 250 59 175 95 290 145 242 91 73 171 71 46 251 139 148 259 15 50 52 137 293 32 197 87
138 96 251 194 240 100 223 36 168 68 258 30 88 284 74 134 170 283 108 175 20 22 13 104 3 190 51 253 242 206 70 124 232 238 87 212 146 196 249 244
259 283 75 15 255 110 182 5 245 118 156 16 22 134 189 244 74 210 81 91 103 276 88 297 224 185 150 188 82 180 199 204 267 101 160 59 173 242 258 221
260 90 150 9 25 272 148 132 74 30 59 31 278 185 235 213 6 111 266 277 11 224 202 215 110 104 47 33 109 279 34 180 80 134 12 142 13 53 66 28
211 116 50 154 289 58 30 180 247 161 290 122 56 10 201 13 224 76 288 17 108 8 14 163 115 101 29 231 259 132 233 75 99 212 275 191 7 43 42 219
242 170 281 202 53 267 218 62 229 268 169 32 140 128 109 59 197 102 85 16 272 82 20 181 200 7 156 175 115 67 297 173 37 113 51 130 191 243 260 64
134 251 23 20 295 199 195 217 248 57 212 177 233 22 182 101 179 116 296 66 198 188 49 247 56 128 31 110 257 94 79 30 142 264 122 86 13 215 246 213
175 208 123 212 285 22 206 69 144 243 143 114 67 95 217 241 179 197 264 100 31 196 74 222 49 150 104 79 16 165 30 252 254 291 42 261 219 88 107 26
56 65 289 25 126 149 171 4 195 269 57 160 286 76 235 62 124 257 197 54 169 129 231 113 220 240 140 176 11 52 190 158 70 212 241 109 207 228 74 107
215 32 39 199 97 74 137 149 59 198 260 80 89 193 182 33 224 19 262 12 218 81 236 292 150 16 295 64 220 134 238 46 122 117 166 146 106 177 76 223
119 192 53 112 136 232 113 275 64 250 56 173 177 224 124 179 74 76 43 39 100 7 272 54 125 284 59 138 88 40 117 4 61 207 27 240 158 118 111 89
146 56 166 241 138 265 94 75 172 77 55 50 44 155 286 274 150 76 65 254 107 267 210 123 276 34 235 173 185 200 74 115 170 91 119 139 240 183 134 290
240 134 257 293 49 271 31 251 147 72 103 228 75 42 199 173 291 216 183 172 131 250 27 6 159 254 137 268 91 166 60 191 112 102 209 43 97 108 218 266
267 259 124 234 91 254 73 87 11 107 245 49 101 172 221 279 95 130 216 51 150 8 168 271 248 170 210 183 177 295 273 110 174 111 35 272 225 58 201 153
270 9 281 205 26 201 100 214 284 203 41 21 62 161 18 260 124 192 280 94 2 76 134 162 183 175 273 236 149 296 7 82 154 190 1 227 167 285 256 79
83 193 78 242 127 10 235 99 225 101 159 257 231 19 175 117 12 288 246 41 42 167 138 237 124 192 204 149 216 184 110 25 284 241 69 244 287 263 36 114
63 47 251 108 290 296 133 36 202 187 244 199 246 253 169 174 50 6 288 242 53 280 51 146 12 40 90 2 186 252 88 68 97 31 216 279 106 118 45 13
226 292 41 260 287 272 201 22 78 8 153 37 52 128 261 56 233 147 42 162 262 167 183 108 263 165 279 293 119 235 240 80 159 177 24 143 219 285 166 238
232 79 48 279 3 201 142 78 270 173 114 228 80 191 50 251 96 9 166 112 105 148 267 245 231 215 203 147 121 291 185 143 73 277 6 60 157 297 151 47
225 37 239 116 249 242 228 211 84 294 124 13 267 93 256 153 122 64 298 8 173 284 10 147 55 69 134 6 174 263 280 171 177 199 129 35 274 45 0 72
103 142 185 229 101 44 41 76 260 6 14 152 39 11 37 121 131 144 218 173 119 106 213 245 40 66 276 58 133 46 179 294 73 22 32 74 209 295 24 79
245 247 117 278 106 181 128 46 289 45 225 209 191 51 144 274 18 230 125 257 133 119 293 139 11 118 20 198 192 21 100 206 187 234 265 291 275 58 182 158
121 269 43 283 204 106 239 101 143 285 184 185 256 275 193 127 20 78 114 232 88 151 155 260 168 63 124 202 255 150 125 274 86 83 51 109 158 96 236 242
129 100 199 248 262 102 164 66 261 5 9 123 235 241 171 271 94 57 72 35 209 13 181 244 30 137 70 281 245 144 295 179 31 280 91 132 294 98 178 97
105 26 187 131 237 130 283 133 120 166 93 277 6 230 224 139 84 90 274 231 157 24 185 34 65 115 99 209 126 182 0 5 125 196 207 146 173 276 164 216
58 1 231 88 59 288 244 218 81 184 227 72 62 207 185 260 200 116 178 278 290 18 69 84 87 107 150 74 193 167 77 15 110 237 76 234 154 236 106 188
257 0 252 166 108 286 260 279 54 100 184 123 219 159 62 37 46 126 172 111 130 285 206 168 218 292 127 185 263 25 116 275 98 223 179 181 290 167 272 76
177 253 157 119 224 18 34 33 26 41 128 221 164 268 46 295 88 264 252 8 28 187 13 76 258 108 120 194 91 241 284 288 2 293 188 275 107 126 143 23
58 22 165 180 247 83 27 237 296 236 78 96 138 271 149 282 208 8 174 72 74 161 155 47 87 192 246 93 226 60 195 68 3 206 201 114 287 255 289 233
76 291 228 297 6 295 193 44 181 272 133 144 3 213 288 255 63 203 18 225 147 183 26 185 89 82 194 156 286 256 243 117 260 251 85 10 151 91 54 207
67 240 21 2 40 196 213 1 201 7 226 254 235 123 118 122 109 220 182 11 210 76 42 10 44 50 188 103 207 115 221 4 112 47 267 299 193 264 217 80
235 293 3 97 225 159 232 138 35 14 77 30 229 170 7 112 265 57 22 110 137 234 258 207 198 163 63 155 292 120 277 189 238 283 128 154 90 287 255 186
37 256 282 131 180 139 293 233 211 176 42 4 185 145 93 45 144 1 298 134 162 297 265 105 110 179 89 191 245 104 203 147 160 286 114 210 78 27 294 172
37 297 164 201 177 246 293 239 89 291 105 3 227 97 72 152 262 151 9 214 173 185 249 93 241 59 217 107 238 172 271 28 11 55 228 42 188 150 142 108
203 41 1 187 265 101 91 99 61 65 77 71 107 281 147 185 247 122 223 73 235 256 245 192 21 131 98 106 50 151 29 124 137 197 12 207 102 88 279 136
261 145 182 121 234 120 223 73 179 0 198 274 86 149 238 42 11 236 258 199 172 128 45 213 200 257 169 184 58 69 5 214 63 40 26 166 39 180 148 191
70 162 123 276 247 30 68 212 133 4 139 19 224 235 172 8 153 32 106 264 7 194 3 176 129 215 91 76 210 59 92 232 156 220 199 185 291 148 48 49
282 273 187 28 32 17 141 181 269 242 96 209 234 169 98 144 130 54 15 249 237 163 146 109 212 279 224 299 215 256 253 124 138 59 240 135 72 58 100 111
288 134 96 79 247 206 39 132 112 209 45 117 261 52 140 231 154 139 241 246 263 95 181 10 240 130 293 72 188 56 126 114 296 116 133 34 108 258 119 275
28 294 282 105 240 16 48 116 193 148 160 2 202 56 137 209 250 194 158 10 62 215 204 0 255 183 96 18 234 67 85 141 74 120 58 243 144 52 281 36
163 100 247 271 289 53 92 108 104 270 178 241 85 26 52 153 296 82 165 275 238 262 273 16 68 128 223 84 186 112 294 166 96 5 83 124 162 33 255 278
181 89 91 35 216 188 290 129 250 9 266 202 273 271 264 26 161 196 197 248 232 98 298 2 292 151 86 162 29 208 42 94 175 170 10 119 297 268 54 182
164 215 107 166 225 160 254 112 259 6 49 163 78 231 250 285 226 192 264 296 205 159 115 208 117 228 27 131 149 298 270 153 11 268 102 132 24 240 110 16
86 110 272 224 74 228 67 145 99 55 181 268 104 213 161 290 20 176 187 185 39 24 246 3 111 248 66 156 22 162 9 240 36 117 222 218 73 10 26 288
288 277 262 226 293 64 258 280 2 247 150 71 249 33 51 118 68 252 87 154 114 90 60 25 92 259 97 109 178 119 184 20 72 298 127 240 5 7 61 287
280 256 17 7 219 1 178 216 48 170 277 198 146 45 237 100 194 267 173 276 263 155 40 217 241 162 240 148 156 111 80 96 220 16 272 278 90 183 158 104
16 292 146 119 87 243 50 213 268 135 282 20 80 129 154 71 233 90 74 83 107 125 203 24 133 275 94 242 91 98 177 97 39 1 265 170 17 190 269 37
169 207 77 137 249 136 126 277 17 49 192 28 108 78 297 138 57 295 94 202 53 213 226 195 258 110 238 96 268 83 69 189 199 36 122 191 290 214 73 216
246 181 124 18 224 161 163 162 79 248 78 245 102 249 100 272 56 199 187 60 121 21 8 264 206 97 243 61 23 43 164 155 131 271 258 14 283 113 169 93
199 230 62 65 92 139 134 5 25 61 40 275 269 83 281 177 111 2 196 73 166 204 14 168 228 103 50 80 4 256 274 82 243 267 33 211 29 144 93 254
260 66 231 60 146 61 76 159 193 94 96 72 172 129 114 281 272 68 210 2 88 67 189 131 15 0 243 280 185 128 168 161 143 152 235 208 229 80 158 171
234 4 282 94 173 154 6 243 21 18 278 81 84 73 64 63 27 267 217 128 95 183 92 133 298 116 106 199 24 86 198 110 185 161 42 270 78 164 271 20
210 258 127 192 243 270 265 109 123 49 112 223 287 233 10 224 284 266 241 79 21 231 17 97 77 290 172 225 213 113 85 232 215 95 181 204 51 160 152 124
