7
2
3
2
4
1
2
6
5
5
5
4
1
2
3
3
3
0
2
3
2
4
2
3
3
2
4
1
4
1
2
4
1
3
3
3
3
0
7
1
3
0
7
1
3
2
6
2
6
2
4
1
2
3
0
4
1
4
1
3
2
4
3
3
2
3
0
4
1
3
0
2
4
2
6
3
2
4
3
2
3
2
6
3
3
2
3
2
4
3
0
7
2
3
3
3
2
6
5
6
3
3
0
2
4
1
2
3
0
4
1
4
1
3
2
6
2
6
3
3
0
4
1
4
2
3
3
0
4
3
0
2
4
2
6
5
5
4
1
3
2
6
3
3
0
7
2
6
5
5
4
1
2
3
0
2
3
2
4
3
3
0
7
2
3
3
0
7
1
3
0
7
1
4
1
2
6
2
6
3
0
2
6
3
3
2
3
3
3
2
4
2
6
2
4
2
6
2
6
5
6
5
4
1
2
4
3
0
2
4
3
2
6
3
3
2
6
2
6
5
4
1
4
2
4
3
2
4
3
2
3
3
3
2
6
5
5
6
5
6
5
4
3
0
2
3
0
2
6
3
3
2
4
3
0
2
3
2
3
3
3
0
7
5
6
3
2
4
3
0
4
3
3
3
3
0
4
1
3
2
3
3
0
2
6
5
6
3
2
4
2
6
2
4
2
3
0
4
1
3
