16 144 99 263 191 55 214 3 38 273 247 131 299 101 56 203 202 218 125 17 70 61 289 150 73 265 51 120 68 198 244 173 294 252 287 260 0 8 83 165
59 66 63 85 35 68 49 107 278 140 89 183 172 124 271 247 260 219 238 195 62 39 72 159 157 242 283 273 275 120 160 61 106 292 248 122 258 191 218 130
219 101 2 169 14 220 210 278 236 214 189 163 273 4 239 261 134 68 39 15 116 155 135 93 34 264 276 27 146 144 84 268 254 211 24 67 42 37 61 108
36 186 40 237 161 30 148 231 151 230 33 70 126 89 201 139 88 277 158 164 225 234 6 184 204 11 193 12 141 106 262 296 32 145 60 297 127 149 175 39
121 56 65 242 30 81 193 86 264 55 151 105 61 152 138 229 64 60 163 21 212 179 236 276 287 44 110 103 227 15 117 40 258 180 83 245 35 210 256 25
256 88 250 133 113 74 168 57 210 216 255 179 16 107 52 59 105 242 131 276 96 247 81 28 54 259 15 120 121 2 137 112 145 19 238 82 104 42 274 98
68 270 149 78 239 36 59 27 225 180 187 250 71 152 174 125 29 277 65 37 130 46 198 241 165 39 286 19 13 109 83 204 35 62 272 185 271 111 144 55
188 57 254 259 295 84 120 268 203 248 43 215 216 54 256 289 182 137 20 105 226 91 176 51 190 147 145 230 28 168 75 50 123 80 140 206 107 201 78 275
156 192 187 150 199 145 203 130 170 91 23 39 30 189 103 249 215 205 36 183 153 144 219 7 225 146 174 119 15 147 88 73 165 83 243 253 64 19 86 29
4 217 298 224 49 38 17 10 206 31 290 115 211 94 91 12 24 7 79 85 275 287 102 125 208 113 118 236 52 210 203 48 14 53 297 164 209 69 116 292
160 14 10 281 299 114 128 186 101 94 252 142 229 89 123 113 1 267 139 56 25 17 105 119 64 167 234 244 97 209 174 80 272 259 253 188 294 205 58 7
80 149 62 233 210 157 273 251 101 57 173 14 167 13 252 272 204 51 293 218 58 59 171 166 69 201 219 223 244 84 70 142 176 215 112 291 164 172 216 155
54 115 286 127 117 141 244 191 17 38 102 46 97 61 221 202 57 218 168 107 14 8 198 265 186 140 94 65 138 150 26 263 294 231 5 211 113 279 62 203
233 49 247 62 181 141 25 152 90 185 227 122 28 118 296 149 121 65 38 129 116 256 213 155 109 133 83 173 56 124 102 112 282 140 99 26 75 264 85 259
107 251 18 70 59 118 40 99 156 160 96 190 258 145 209 239 294 44 25 169 143 39 67 246 289 185 33 192 43 241 129 75 189 154 148 3 86 55 194 103
191 187 22 150 116 64 257 135 140 220 105 224 45 199 259 163 247 203 200 230 298 250 253 134 217 47 59 96 204 154 282 99 26 11 201 177 244 1 97 91
247 211 27 172 57 279 254 138 105 282 165 188 6 110 44 268 167 4 190 205 92 115 248 153 159 141 229 183 163 157 34 54 273 126 278 194 67 228 131 275
23 82 111 170 9 185 0 117 256 103 109 54 122 96 280 55 247 45 11 147 295 283 33 215 212 281 10 25 98 71 12 106 171 161 245 137 254 189 284 121
69 21 83 41 282 235 35 114 152 113 78 211 292 284 120 276 73 62 267 266 200 11 208 164 96 283 40 288 54 122 60 68 7 273 212 124 8 119 191 17
68 111 27 170 88 153 23 197 266 66 85 53 171 9 213 90 201 231 60 3 168 24 148 20 151 29 22 44 38 291 145 52 139 193 202 158 198 290 11 238
144 168 84 146 58 228 241 37 117 193 0 142 147 276 196 178 270 176 120 31 20 6 217 184 209 218 43 74 182 62 210 282 91 170 213 133 59 81 149 262
138 66 162 46 198 236 230 24 111 42 175 137 79 112 231 253 47 20 183 96 156 225 204 218 139 191 247 75 202 234 73 28 36 34 233 265 106 192 238 205
142 200 244 87 82 107 184 284 257 44 152 229 270 259 252 12 180 299 255 85 218 245 246 76 114 23 226 223 38 190 187 161 297 202 291 266 287 80 262 5
81 163 177 154 99 243 265 245 171 242 34 191 167 88 109 272 85 247 137 256 218 288 138 93 114 46 130 182 190 210 69 139 59 281 150 8 120 86 79 54
105 147 65 228 243 271 52 259 192 170 248 8 15 128 63 99 44 138 167 233 237 123 202 20 162 278 137 267 100 227 85 249 229 24 298 239 289 73 283 42
14 28 39 175 167 262 42 178 128 205 137 256 231 135 268 116 288 176 111 198 75 134 257 17 182 299 159 64 48 280 254 247 211 125 210 223 291 130 104 166
137 261 19 233 293 171 153 198 209 186 39 146 90 85 179 164 109 12 130 190 49 88 287 107 229 271 48 204 195 172 147 37 16 188 262 10 106 216 298 58
241 291 277 171 254 269 201 43 203 84 5 227 298 37 238 143 103 47 146 50 52 159 167 46 107 232 92 114 282 106 120 172 189 3 200 90 164 281 24 273
137 182 82 128 158 167 146 30 289 55 81 121 8 88 116 27 226 161 6 202 18 239 234 296 201 17 211 56 286 11 208 26 68 184 231 93 36 57 122 209
43 63 262 107 284 278 35 2 280 113 162 11 17 114 299 19 28 264 125 205 239 136 131 276 77 134 267 33 290 266 229 135 62 152 154 26 200 189 272 20
16 26 139 28 182 75 232 201 276 129 209 84 243 227 279 86 34 127 166 74 218 162 221 245 265 172 13 99 225 113 239 61 115 65 155 181 94 167 5 31
37 289 46 234 206 1 15 29 162 61 166 241 276 194 87 125 185 103 201 261 271 4 51 288 52 275 227 91 117 79 191 180 176 277 146 132 17 225 284 100
144 73 81 211 210 192 280 36 122 209 97 227 191 263 158 0 237 181 253 197 265 266 196 98 187 115 255 205 39 1 246 124 100 60 128 163 162 106 68 87
89 277 126 85 50 77 15 164 241 7 160 223 291 279 118 184 249 1 266 207 52 287 210 33 30 242 190 19 87 244 155 272 228 22 112 79 86 219 4 251
53 2 42 125 79 115 234 132 64 233 191 55 184 169 267 87 65 250 118 95 241 104 224 11 229 7 299 17 262 6 35 92 23 57 162 227 112 36 66 187
181 246 196 155 276 109 61 62 232 208 292 265 164 226 182 158 216 118 15 178 84 183 24 8 252 19 275 160 283 256 90 85 111 105 116 228 6 144 135 270
89 170 230 120 52 193 130 1 224 274 252 292 244 287 159 237 133 108 177 45 102 189 34 152 99 211 71 296 184 209 80 2 270 10 98 9 117 149 173 223
138 158 161 153 39 296 201 72 94 98 83 134 192 33 196 49 147 108 216 166 274 20 290 36 162 30 234 250 2 9 231 60 3 32 107 164 177 40 84 237
91 205 291 269 141 214 184 55 165 119 211 166 120 238 155 111 187 70 130 103 13 296 107 274 186 164 268 11 105 279 175 159 45 259 183 78 116 287 88 286
73 126 59 17 269 149 206 293 175 264 161 266 89 232 210 234 204 7 285 186 238 123 245 192 81 72 52 116 50 255 289 181 207 188 242 251 295 240 150 76
112 21 18 66 22 276 262 260 214 61 40 185 275 141 101 166 257 90 211 70 149 131 196 188 78 94 52 8 12 111 167 244 105 139 163 15 113 89 2 249
10 275 98 52 6 135 9 15 76 180 248 207 100 79 212 95 237 91 176 69 227 257 267 274 169 151 72 132 78 249 2 43 148 272 127 238 3 225 145 181
133 92 262 98 254 290 121 33 32 189 260 174 24 52 36 221 69 147 271 108 129 258 77 172 184 89 236 282 285 135 175 137 79 82 21 226 206 181 152 148
152 59 81 102 177 238 110 31 274 17 174 37 150 211 165 220 2 295 18 277 103 256 244 148 49 228 196 50 192 270 109 251 26 125 218 142 141 132 183 119
7 250 164 77 85 276 223 143 103 219 240 112 42 137 101 121 277 209 146 258 265 138 257 227 34 245 170 72 188 141 168 299 235 28 198 66 175 199 230 148
19 170 42 65 68 67 75 230 144 48 13 192 7 283 248 63 96 242 274 150 265 235 163 196 24 27 55 80 101 21 276 173 185 29 160 116 187 257 6 125
296 125 285 4 140 240 200 246 114 251 68 275 210 19 280 194 119 207 297 89 131 86 98 57 59 10 36 176 5 259 253 103 91 73 212 272 124 174 77 276
185 56 294 170 33 150 176 18 277 141 85 195 79 248 264 68 62 0 167 89 156 143 53 37 297 137 29 289 1 283 111 117 174 26 119 291 157 78 181 215
248 70 159 222 184 22 7 129 259 132 235 255 254 238 165 207 18 262 120 145 47 299 17 117 123 130 9 228 62 223 204 169 103 234 247 200 24 202 6 281
49 215 257 107 29 149 41 206 16 59 205 14 99 157 272 238 278 259 188 80 45 39 12 271 230 294 280 229 231 36 279 164 120 6 132 165 159 86 5 138
157 212 179 50 229 274 173 235 2 154 181 129 163 137 125 66 178 46 223 198 276 287 73 272 217 33 96 70 61 44 199 74 151 29 143 134 141 30 169 78
16 82 273 18 143 72 126 256 230 222 118 59 242 181 30 247 95 74 31 281 134 84 121 48 19 164 128 113 250 54 210 279 244 175 76 85 119 142 271 44
0 156 97 283 172 252 63 163 218 251 190 15 57 126 212 3 170 176 131 43 232 284 125 292 119 183 286 195 127 262 69 279 174 2 230 271 220 199 197 173
238 280 196 150 116 145 119 256 180 37 53 190 250 240 12 124 144 117 201 167 153 283 71 29 113 185 282 65 3 160 55 105 48 88 187 51 102 277 213 58
98 118 264 67 27 49 97 43 6 266 150 187 58 117 280 247 25 234 254 267 94 149 16 270 225 252 295 2 26 212 45 215 191 202 119 62 148 231 283 63
104 52 173 218 18 276 139 8 189 195 121 171 180 268 213 265 210 63 204 10 165 98 183 70 248 234 230 253 20 167 293 233 134 178 47 228 229 211 89 172
118 244 39 29 58 188 6 284 5 91 140 85 4 66 181 137 103 116 117 165 12 119 213 175 176 249 41 286 232 169 194 189 153 100 136 53 125 96 123 255
299 130 254 77 203 294 1 212 263 35 47 269 18 61 255 16 17 58 171 109 140 226 290 88 111 126 45 156 247 258 53 214 245 262 224 20 273 298 160 227
116 257 202 114 109 145 282 32 299 112 89 263 167 195 19 180 204 46 136 178 296 54 260 16 85 174 210 215 75 283 78 10 188 270 140 21 228 128 24 194
206 292 42 186 55 222 92 83 207 249 294 161 203 177 78 238 232 44 195 50 297 159 6 160 277 168 108 96 34 199 52 103 45 27 23 8 226 192 112 267
29 202 159 80 5 149 37 172 288 167 79 266 150 247 81 124 109 284 265 89 176 108 201 204 269 227 271 208 209 91 218 134 223 121 146 285 142 53 171 92
177 31 56 194 84 249 22 284 248 290 197 230 261 226 212 179 199 120 205 161 45 114 50 242 92 246 231 135 7 19 41 157 134 292 279 131 15 146 297 204
92 285 151 214 33 141 259 84 72 199 122 186 77 194 51 192 210 236 264 1 178 147 190 281 155 121 64 25 284 230 9 44 293 52 4 75 201 19 80 17
184 148 100 42 144 245 109 297 164 128 141 228 193 204 64 258 147 50 172 117 65 125 229 218 143 275 221 124 45 33 285 135 251 190 286 75 161 158 102 269
136 130 142 35 227 292 282 165 20 200 248 190 150 16 249 186 27 205 138 48 203 299 189 251 207 38 193 116 145 272 275 172 115 108 210 100 258 163 239 7
110 228 95 258 141 134 66 179 85 121 208 243 221 19 44 31 257 104 6 284 252 250 264 283 149 43 45 213 143 211 224 159 108 25 80 226 126 41 123 63
171 256 119 217 189 156 50 139 17 40 165 193 180 295 279 31 53 237 120 124 195 142 168 32 243 110 196 154 258 133 290 150 236 223 25 135 72 86 114 94
17 264 25 83 248 119 130 239 185 210 162 11 191 260 24 63 114 122 75 97 238 60 208 189 6 42 235 280 216 155 138 76 158 225 16 274 65 87 256 46
19 153 142 67 181 29 264 224 293 25 184 241 257 87 69 111 295 265 32 115 203 285 145 57 47 130 65 232 119 204 112 86 284 102 219 31 36 269 228 113
75 234 112 66 27 259 50 15 256 148 272 126 208 54 114 269 207 13 103 149 64 268 79 119 222 115 267 181 57 213 56 108 101 109 270 281 275 24 186 116
114 175 144 19 254 59 201 63 298 137 246 86 43 48 166 62 202 221 90 250 33 20 40 67 196 47 179 195 107 18 82 297 50 150 110 132 138 231 111 4
271 135 229 255 203 193 262 43 77 243 276 88 81 264 277 108 265 161 232 25 146 100 87 221 6 47 125 294 106 156 46 126 44 172 75 236 73 220 109 17
138 25 133 252 285 33 146 104 176 212 134 59 121 260 261 203 93 1 251 127 225 4 62 263 55 38 107 247 95 222 69 289 122 230 5 187 79 31 223 90
196 171 285 240 284 107 76 125 22 133 50 129 229 44 39 186 200 197 248 32 243 117 173 28 108 231 119 5 265 245 82 237 206 163 181 66 21 153 69 208
15 181 183 18 188 215 147 34 209 85 194 202 252 68 157 152 57 131 93 249 56 72 140 201 19 132 32 33 218 168 221 244 235 196 269 9 123 94 296 171
43 71 76 295 100 139 287 148 130 178 127 201 188 80 117 174 52 31 111 144 26 22 133 56 114 182 194 263 267 216 57 35 270 173 136 158 282 140 180 183
283 22 196 186 123 278 157 208 262 170 96 8 212 130 250 73 277 156 23 187 88 256 129 0 290 16 296 239 105 90 246 167 11 230 219 233 294 28 253 21
92 67 187 217 6 143 148 79 253 171 141 240 95 172 212 204 53 196 33 198 206 278 105 124 203 205 40 283 88 174 43 237 138 136 45 269 80 177 230 73
129 180 162 203 225 105 124 158 85 236 56 205 260 213 221 79 235 251 244 182 289 104 275 57 83 48 89 47 293 259 46 123 117 31 167 291 137 267 281 246
4 125 162 93 237 6 273 221 137 134 84 40 105 2 97 213 168 29 254 157 27 130 217 106 195 56 269 270 259 60 165 62 222 207 275 178 79 114 150 268
33 168 268 77 239 237 98 238 175 46 254 89 217 253 296 246 205 163 272 147 234 80 84 1 212 75 94 195 130 281 61 144 68 286 141 62 118 0 145 56
105 44 148 59 201 94 31 50 159 230 252 262 53 5 232 260 177 250 123 264 89 111 97 57 238 101 88 144 176 106 299 19 63 32 34 240 135 225 25 153
150 149 12 64 221 298 225 88 206 292 247 28 104 130 52 48 112 109 148 80 205 244 127 253 209 107 185 218 69 37 252 198 285 46 24 186 248 118 140 138
204 120 155 236 273 224 272 196 238 6 111 277 207 128 90 253 12 78 24 62 228 46 218 266 3 42 104 176 151 84 83 108 113 49 275 206 93 166 257 294
269 161 151 180 168 4 54 297 257 114 111 83 96 293 170 43 130 77 167 144 123 202 274 182 221 135 59 1 92 262 296 31 203 291 113 172 142 156 187 131
117 87 172 78 62 7 100 103 26 180 194 110 293 138 91 64 204 230 89 127 90 153 229 102 286 57 50 109 34 264 111 38 237 277 118 65 27 92 29 146
172 145 109 272 48 118 124 215 82 84 228 275 287 274 105 179 216 129 180 256 62 196 76 117 115 18 251 81 279 267 190 203 223 44 262 291 103 51 139 150
175 155 117 276 242 3 157 81 0 168 235 93 101 31 154 149 35 24 60 114 263 69 150 182 196 118 4 231 191 151 26 48 78 216 290 28 27 286 63 47
177 115 197 247 154 119 254 53 269 164 147 217 26 21 262 240 79 220 210 293 209 38 233 287 184 137 143 32 126 11 142 199 275 135 227 91 77 224 258 56
138 104 135 70 68 44 102 20 101 111 182 265 249 136 49 63 209 80 71 109 143 169 146 99 65 59 67 34 62 10 193 251 151 141 122 150 297 37 69 245
186 155 283 115 279 102 200 98 146 202 96 259 233 169 240 163 293 180 192 220 133 245 59 174 25 71 288 92 285 230 26 114 238 140 237 145 182 158 9 0
120 1 87 252 80 208 46 245 111 184 211 176 129 202 97 161 125 91 37 228 104 12 64 88 224 217 273 272 138 238 115 154 233 16 34 117 237 36 180 227
288 42 164 168 118 207 231 251 227 53 228 256 40 295 74 66 93 262 240 271 15 152 94 142 123 241 41 203 206 50 244 148 137 140 16 274 64 201 242 234
142 119 238 259 267 246 50 16 91 240 61 293 4 73 275 126 104 14 208 242 269 258 135 171 52 37 137 11 189 150 187 120 160 60 155 99 233 237 78 56
241 179 268 245 213 1 217 137 267 294 165 297 71 184 204 285 127 114 47 86 174 158 276 228 250 15 207 183 9 2 139 104 182 196 133 231 43 117 199 126
259 120 59 288 145 231 61 195 268 267 130 124 179 238 98 211 290 161 26 73 1 168 264 279 201 16 11 42 255 113 174 187 40 67 167 247 143 125 101 239
264 38 115 231 48 94 42 95 70 259 107 124 179 114 3 290 60 243 183 285 69 55 269 250 205 260 112 245 19 288 274 126 157 14 63 271 239 180 155 213
195 85 223 90 214 37 254 10 252 244 231 112 295 126 104 23 196 275 103 135 172 137 261 132 13 212 177 175 234 109 171 3 151 41 74 39 36 271 120 30
171 66 139 120 245 260 143 263 161 189 172 94 166 209 33 74 236 102 3 111 114 41 148 131 54 154 97 259 99 53 147 248 68 287 100 286 16 9 15 125
8 53 54 284 116 97 264 267 147 280 98 222 187 110 0 83 84 136 210 276 58 190 32 203 149 150 19 196 26 21 81 76 260 177 271 123 106 262 246 101
102 288 41 218 28 225 132 181 230 37 211 62 234 95 222 87 1 82 81 125 105 170 215 177 76 223 155 266 271 236 4 109 201 7 153 183 264 45 59 188
236 231 278 221 215 57 285 213 152 54 29 158 240 100 142 132 22 168 287 249 263 182 293 116 113 130 92 253 77 80 258 50 26 200 172 201 271 52 108 284
203 122 286 252 109 129 76 135 17 284 292 70 278 178 143 63 14 270 241 130 187 105 142 290 138 54 124 257 44 50 79 100 119 98 294 87 133 268 158 23
143 24 229 14 163 142 247 261 76 183 138 279 280 28 281 119 53 130 159 286 196 233 90 17 115 210 249 116 42 100 296 111 195 156 266 252 241 32 120 45
248 232 49 279 114 2 117 60 274 242 52 150 125 288 276 168 95 43 157 86 287 152 252 261 174 30 250 76 10 63 94 160 80 135 290 137 33 238 14 211
281 131 69 141 119 76 12 287 55 250 48 152 105 86 211 35 87 91 224 99 37 166 146 92 230 118 125 235 276 49 150 41 256 144 7 39 43 192 198 180
180 291 266 260 202 179 151 187 110 284 194 262 231 283 88 141 164 263 127 279 84 128 25 97 249 61 248 245 29 24 16 133 62 74 200 48 236 185 197 67
29 145 41 166 190 239 267 205 116 16 100 184 160 94 93 144 139 19 125 58 161 271 30 212 223 95 47 281 189 62 91 263 113 164 118 207 192 17 112 15
204 281 141 287 226 232 147 290 85 170 243 172 296 249 99 144 173 104 241 229 265 45 213 138 218 182 20 276 171 78 133 188 237 186 117 161 118 255 82 271
261 141 67 293 30 268 215 59 146 8 254 81 183 69 148 161 192 194 149 147 279 139 143 10 43 91 195 73 246 287 244 145 169 97 191 162 184 113 266 93
240 80 118 83 48 11 225 40 2 21 86 196 31 7 47 71 257 104 286 29 61 144 90 182 251 87 247 50 265 8 221 231 34 160 242 52 43 111 124 85
174 220 60 270 54 102 176 110 184 129 85 52 12 199 284 144 28 55 201 90 253 200 70 279 231 189 267 42 275 87 17 235 190 51 108 131 169 56 21 288
121 62 193 123 132 92 28 238 128 208 266 246 129 3 281 247 60 189 245 55 94 194 213 25 252 160 153 14 24 38 255 113 64 295 190 5 296 206 237 219
254 40 278 287 173 53 210 168 42 270 144 185 285 141 276 93 122 139 51 133 118 176 27 252 196 41 28 15 153 99 140 205 207 260 111 195 204 74 102 2
225 224 26 47 287 44 22 99 173 162 239 104 46 258 143 297 29 16 179 213 216 105 280 275 209 219 76 92 58 13 118 102 231 147 188 281 122 138 54 299
236 37 273 91 271 188 214 274 218 259 68 142 67 103 203 266 117 258 34 32 3 224 148 84 71 13 298 78 154 257 165 183 29 96 268 200 45 245 83 25
173 54 264 289 22 226 159 126 14 51 55 259 103 263 112 166 9 61 168 250 171 227 158 285 299 212 152 121 129 192 109 190 164 268 96 234 56 13 31 44
120 265 83 140 37 228 168 290 238 60 181 23 141 188 284 76 292 30 17 80 157 20 0 296 187 19 196 55 101 233 51 131 92 273 226 287 59 268 94 100
38 85 83 242 8 251 57 246 163 152 43 164 16 7 201 40 260 42 9 272 292 230 188 134 44 265 243 299 33 3 286 109 114 120 23 138 271 19 216 158
253 95 288 88 32 251 153 49 102 21 174 250 275 154 86 17 273 215 98 7 48 122 299 52 262 161 238 164 8 190 282 62 75 139 72 235 293 2 198 279
152 261 238 264 84 215 241 115 247 9 148 284 203 30 101 192 157 290 122 174 13 251 107 119 183 66 28 170 49 59 124 229 185 223 16 291 254 96 74 131
215 153 268 272 205 116 184 267 87 25 16 243 97 155 99 117 3 232 51 279 194 239 82 85 121 200 227 139 114 240 246 75 182 208 209 138 14 48 98 294
247 25 143 84 171 282 64 251 132 96 127 253 59 112 1 161 61 46 237 230 196 74 167 17 117 111 204 73 220 189 228 212 297 113 186 261 139 52 292 195
276 1 144 259 234 267 216 211 167 37 179 21 101 226 174 244 212 271 287 162 34 155 31 250 297 225 123 9 140 151 113 199 48 194 92 143 204 273 227 109
95 231 213 165 63 157 73 294 267 158 252 236 271 4 60 65 42 291 160 48 194 220 251 180 113 214 118 9 59 189 88 263 71 154 234 248 122 11 228 93
42 196 14 158 53 10 28 12 191 241 2 152 78 115 108 156 142 203 66 244 233 122 70 182 141 73 283 125 243 205 6 81 102 19 126 278 131 103 165 251
150 18 285 136 21 210 11 251 73 174 163 179 34 235 226 59 286 74 138 140 291 57 151 278 45 4 121 275 37 299 3 181 213 283 293 66 158 196 203 60
38 88 11 109 246 46 141 63 280 206 194 149 252 181 163 287 277 100 255 136 177 155 214 257 89 146 196 168 102 183 142 40 174 50 99 166 176 145 231 264
38 209 278 217 283 136 168 263 137 279 44 194 25 12 131 187 203 0 290 99 153 109 162 98 69 128 166 164 14 56 58 286 159 272 224 16 197 169 173 95
171 68 275 117 7 29 105 87 59 113 100 247 18 166 99 124 220 286 35 65 106 54 91 72 158 189 76 208 231 21 203 108 32 15 123 177 52 46 216 292
18 57 129 140 44 88 204 118 287 1 192 40 13 197 29 225 4 275 142 291 267 90 259 169 78 86 257 195 117 108 268 258 135 176 163 25 63 124 136 186
282 237 141 280 7 238 88 42 94 97 189 202 57 12 19 124 200 222 140 197 175 87 74 220 119 109 215 278 69 169 29 201 21 230 9 104 34 75 290 45
134 243 61 179 204 195 130 66 54 17 274 276 20 64 226 88 26 171 263 253 34 255 187 138 203 150 100 55 257 287 98 273 192 60 22 56 104 277 91 8
36 86 14 69 97 256 176 27 202 299 29 102 271 267 138 60 143 7 31 252 245 103 172 21 63 66 233 198 247 1 56 82 290 10 141 104 79 111 159 280
93 79 44 178 217 253 180 21 5 18 176 91 97 226 25 227 8 185 46 66 123 34 124 171 225 109 269 2 259 125 130 289 70 265 106 11 40 195 184 50
6 30 153 154 36 261 37 295 269 205 130 197 146 18 31 122 173 64 24 230 14 237 256 266 276 48 199 268 176 242 87 241 255 63 38 101 262 75 149 225
293 194 243 231 236 101 97 188 26 109 215 168 181 207 210 20 112 32 60 255 178 152 177 226 84 106 214 145 73 22 105 232 146 2 296 227 176 164 161 225
269 112 225 82 84 189 294 209 42 258 17 32 242 27 52 237 220 133 53 13 182 218 51 100 2 265 29 25 177 88 204 114 211 119 61 266 254 146 90 245
73 50 158 156 184 46 243 178 227 21 132 264 116 203 210 33 134 22 288 222 13 270 299 100 209 54 267 108 101 221 262 224 197 272 7 94 67 36 176 112
103 20 144 27 26 147 79 114 80 125 9 156 201 253 274 196 278 17 15 200 294 225 171 198 264 170 130 158 5 23 97 46 243 197 22 190 242 0 49 290
18 103 22 43 34 27 172 49 247 83 59 253 294 91 217 191 10 262 273 240 17 181 111 79 68 295 44 74 220 26 96 21 162 3 131 67 128 154 51 76
94 206 238 87 231 31 166 285 136 235 217 111 183 26 262 149 184 223 220 173 191 263 229 274 95 4 277 201 207 96 65 163 250 245 64 146 226 266 208 154
219 48 166 125 232 275 240 228 178 299 159 53 272 198 243 164 194 33 3 97 277 76 234 188 195 142 146 155 68 295 42 100 88 187 111 99 237 26 77 61
215 252 299 238 17 132 171 182 21 26 10 210 120 208 42 128 23 239 229 51 30 181 117 64 89 174 295 57 16 288 8 71 297 296 236 130 146 242 46 103
119 137 182 111 194 149 43 234 221 128 80 177 42 294 10 281 299 26 205 33 40 180 102 239 79 9 210 226 155 279 245 4 12 150 17 31 297 74 44 71
268 38 86 107 164 110 26 248 227 123 56 139 9 233 271 50 124 119 237 137 33 158 283 118 266 40 144 65 261 213 130 219 22 69 167 75 250 94 231 216
214 26 125 97 71 160 252 243 210 205 12 182 120 51 215 288 6 20 96 32 264 75 11 36 224 59 164 263 188 161 25 35 17 206 84 144 253 194 244 106
121 130 107 293 182 264 83 80 209 38 256 280 207 253 18 229 266 195 261 11 272 186 134 103 198 154 265 274 32 244 164 139 238 167 21 270 50 210 145 146
40 153 56 122 276 134 186 180 201 206 66 59 282 176 81 22 94 109 75 243 92 193 41 50 197 174 141 217 179 26 198 268 138 10 169 285 212 269 167 147
68 7 11 228 159 224 282 112 0 30 211 91 183 175 24 193 210 69 165 72 271 108 115 140 250 33 286 274 218 283 132 25 230 85 198 46 2 260 221 246
254 283 216 48 274 184 79 99 29 73 56 52 21 9 36 222 195 124 101 248 87 43 299 146 57 116 253 281 183 150 179 231 13 154 106 241 176 89 44 83
140 4 92 153 79 103 263 131 258 164 106 228 13 32 291 273 27 246 217 208 87 281 115 188 96 54 242 22 190 254 267 148 66 116 46 9 174 200 276 5
221 116 131 104 122 197 19 225 202 27 114 204 8 258 289 99 298 259 294 129 157 243 33 18 143 136 106 40 159 132 17 97 237 189 226 3 172 275 101 296
260 2 123 20 275 126 74 183 249 190 206 140 78 96 236 200 41 13 38 272 48 25 32 84 138 8 45 144 79 125 135 208 111 213 73 42 192 54 164 175
133 98 61 214 85 205 6 77 40 200 66 229 278 53 106 160 145 43 153 36 129 12 27 177 286 255 103 95 262 31 48 172 242 211 222 161 167 241 108 228
78 262 5 181 242 195 226 96 286 3 90 84 277 217 59 283 231 238 70 99 117 108 29 35 201 150 285 63 148 257 213 60 199 71 42 255 39 192 48 45
38 23 243 73 223 113 104 229 122 288 255 28 3 45 163 129 193 233 210 65 179 159 167 183 296 116 40 150 133 157 224 32 130 136 236 141 218 1 99 230
194 214 226 290 183 181 292 216 41 58 80 196 65 229 180 285 2 155 252 192 10 127 30 56 185 14 138 0 233 262 19 219 31 75 179 16 117 245 278 111
260 156 92 265 236 155 3 77 111 208 41 199 258 169 238 32 87 255 79 99 182 286 298 273 96 211 22 269 117 95 130 88 145 15 206 270 176 226 148 217
35 46 112 23 114 161 59 68 272 145 175 159 222 165 5 42 171 149 79 219 82 232 196 30 38 267 60 3 83 229 299 275 215 101 252 287 228 155 144 8
65 277 229 51 55 193 290 176 108 174 291 257 17 182 212 190 40 56 250 11 294 37 191 72 23 267 205 140 110 252 113 107 78 80 141 58 164 239 30 145
163 194 253 40 111 36 237 48 17 284 23 31 97 191 115 15 172 80 174 60 223 127 264 99 56 47 179 187 145 160 281 44 26 225 16 227 0 117 196 248
157 72 241 293 64 174 253 75 20 238 30 24 254 10 97 69 39 73 184 52 89 202 25 245 33 198 125 14 29 70 212 195 123 100 229 115 175 145 83 81
128 225 284 53 273 13 232 23 132 280 70 248 172 28 292 282 139 109 9 66 192 114 78 47 1 103 202 18 221 122 4 77 32 181 216 298 89 135 157 255
165 72 33 183 18 222 151 220 107 68 182 40 57 133 213 125 270 16 141 49 241 154 226 212 263 83 96 55 135 139 290 155 63 173 232 103 120 31 195 13
44 116 123 247 125 254 277 56 133 241 167 262 51 98 192 234 180 58 75 86 212 107 209 197 155 224 297 263 48 258 275 273 216 108 225 158 172 150 204 288
225 287 53 299 182 143 24 19 235 32 25 93 151 148 250 183 190 18 7 168 8 73 147 121 10 44 275 28 23 85 226 108 242 253 122 64 178 184 16 215
166 215 45 180 285 278 149 146 123 27 238 10 189 220 108 147 58 156 262 28 246 9 115 239 51 71 111 7 186 49 199 182 197 264 245 185 141 257 117 297
122 109 220 257 244 45 217 254 108 54 250 227 170 278 28 4 76 57 5 223 52 192 36 247 135 17 144 174 143 168 152 114 159 60 163 83 35 289 229 173
263 228 264 188 239 221 41 146 61 249 72 280 168 112 197 139 193 226 259 47 159 128 286 279 141 70 97 274 291 217 222 27 278 234 69 99 84 89 120 129
14 285 172 84 62 190 271 114 120 195 24 282 163 142 89 13 122 252 249 233 18 298 47 272 246 110 81 42 88 217 219 108 94 91 211 173 291 140 178 215
42 40 243 190 144 11 142 108 163 277 119 183 138 68 137 212 204 112 90 102 196 298 216 228 83 270 202 273 88 178 171 80 263 79 21 297 257 7 101 97
207 140 199 262 202 134 226 245 189 243 116 204 257 247 23 13 279 209 280 69 55 271 201 299 293 268 31 159 168 203 281 71 173 40 152 78 229 210 47 196
31 30 279 179 70 44 55 150 167 144 270 268 25 84 230 82 130 36 106 93 145 132 74 184 103 172 164 254 284 78 201 297 16 11 7 113 236 208 224 111
130 62 281 197 286 221 150 213 28 175 196 6 47 144 66 294 86 189 143 64 85 225 223 170 110 7 19 145 176 222 158 51 24 230 90 171 138 60 297 167
115 33 59 97 240 85 155 199 298 283 165 233 188 173 6 72 274 297 57 222 79 225 17 37 86 183 234 16 179 29 154 204 105 221 28 40 268 110 160 64
245 98 224 256 134 14 197 82 233 132 136 254 188 20 60 122 123 222 70 246 115 18 183 142 126 205 151 165 108 186 275 83 131 110 200 180 30 211 125 13
42 40 208 121 26 69 68 184 235 87 139 125 198 269 119 282 182 154 65 221 22 95 230 107 35 110 226 46 134 247 201 14 36 231 76 27 44 32 34 205
51 23 118 129 97 195 149 261 282 37 180 68 286 199 43 135 242 217 190 93 38 138 92 39 12 10 237 224 8 148 241 159 74 27 298 40 35 95 292 215
212 27 140 16 125 230 204 47 176 275 254 26 51 276 21 86 170 245 270 283 116 10 281 78 179 45 232 97 257 74 246 264 224 8 154 110 96 108 220 60
105 144 267 65 134 143 192 17 101 23 6 193 298 16 76 261 170 209 234 39 185 259 56 187 151 87 274 38 176 0 276 265 61 90 165 263 277 106 81 102
215 103 216 11 217 178 129 78 170 68 22 298 179 123 196 250 84 67 90 207 145 233 265 266 83 155 32 181 220 59 283 238 31 124 73 236 75 110 138 125
10 178 161 171 160 139 93 277 4 286 151 181 294 82 169 26 96 230 112 199 271 239 143 103 219 157 299 290 203 56 132 262 282 98 281 191 237 257 22 57
56 60 94 252 141 62 254 243 97 231 14 183 33 223 66 90 175 125 298 142 46 234 279 184 124 284 45 140 24 226 196 71 221 152 28 73 192 287 182 259
293 252 160 22 178 60 138 57 59 113 229 123 258 92 207 131 50 225 256 190 40 196 154 66 49 5 201 129 234 52 171 270 64 286 121 116 95 101 61 107
26 158 229 201 137 145 27 78 223 5 59 294 268 142 135 292 76 239 124 19 263 100 256 95 114 235 207 14 216 10 89 131 28 286 60 282 122 148 140 247
91 160 293 35 74 251 106 27 272 298 268 252 43 7 246 119 63 51 275 286 241 94 228 203 154 231 83 281 14 146 114 81 236 266 59 232 88 75 25 235
189 219 101 158 244 252 141 293 67 194 267 164 54 106 62 5 231 95 197 261 55 78 166 14 264 72 79 282 100 114 32 60 188 125 184 75 45 273 280 284
73 142 219 43 175 29 191 108 48 203 86 51 251 85 244 116 273 95 61 148 197 59 3 8 159 35 266 248 222 89 207 31 164 275 7 271 94 15 182 272
185 236 239 30 108 32 214 12 280 62 260 104 222 77 64 245 273 231 216 278 120 49 67 23 198 251 233 51 265 226 74 163 46 219 228 11 197 262 38 243
162 247 47 195 87 125 221 288 41 220 202 53 212 63 165 43 96 249 158 58 91 44 211 230 40 163 45 27 55 291 103 26 5 1 157 189 132 235 139 184
197 72 6 258 75 141 93 249 199 281 202 24 221 88 253 209 123 210 142 278 110 46 200 241 149 293 71 143 240 220 150 11 273 136 98 52 287 0 270 184
232 274 203 208 62 216 143 105 116 117 178 166 107 207 212 4 242 169 172 80 225 139 294 64 14 224 79 291 71 126 148 219 13 233 296 138 73 136 135 275
140 51 109 212 136 293 167 253 9 210 152 56 71 183 84 232 88 122 246 188 5 209 53 181 200 61 126 0 268 175 284 100 171 41 110 55 15 180 116 121
248 260 119 19 102 223 212 27 239 0 168 137 295 163 209 257 195 182 87 77 8 103 298 220 230 154 150 124 47 250 204 114 36 203 61 54 221 217 149 71
12 99 30 270 46 100 283 73 18 21 107 121 277 22 98 151 117 72 160 101 223 221 229 200 9 28 52 291 162 84 6 172 189 276 155 15 279 199 14 142
83 258 24 40 34 174 79 120 144 116 181 165 97 208 154 39 271 88 77 11 229 0 156 257 91 299 292 203 217 12 251 197 62 35 129 184 150 107 80 8
175 279 267 28 280 4 164 78 59 67 71 142 178 70 270 124 283 299 98 141 49 285 198 132 55 140 146 144 92 11 221 155 32 162 15 26 35 262 290 86
290 126 278 109 84 87 159 120 195 112 138 94 295 140 18 173 32 239 82 288 248 108 194 105 98 237 235 92 48 69 133 187 179 153 230 71 170 128 270 164
78 126 265 71 188 30 123 245 261 95 57 167 228 264 12 41 10 174 84 183 144 22 151 186 44 187 165 219 42 118 294 288 36 180 73 205 110 178 103 31
115 172 12 149 206 274 114 273 221 24 145 214 177 79 292 266 45 131 165 219 192 147 22 148 241 262 164 226 215 245 179 248 252 289 236 52 104 36 61 141
189 283 141 123 79 118 194 65 119 49 0 182 10 105 202 114 139 291 192 142 163 195 217 131 148 229 253 124 111 8 234 27 184 270 288 162 278 52 116 96
106 25 140 270 201 205 35 280 24 30 162 212 55 207 203 77 153 105 8 19 218 102 179 56 83 160 264 114 209 171 267 59 252 143 178 154 288 84 47 29
68 193 295 242 274 62 239 283 231 268 26 93 246 0 232 27 134 52 172 135 273 208 103 48 153 34 202 90 76 167 38 255 277 110 219 41 203 164 85 139
94 230 7 263 252 298 217 195 36 98 4 187 120 142 240 294 289 99 68 259 290 267 135 299 168 163 77 82 151 12 17 56 234 166 34 64 108 281 265 31
221 156 100 158 190 287 10 296 200 144 29 7 26 164 227 290 155 3 25 98 51 67 111 175 201 142 60 99 185 208 174 176 32 116 260 238 215 57 245 84
270 292 269 154 53 215 27 90 29 198 220 43 137 271 289 156 35 71 293 173 241 38 183 11 22 254 149 227 72 214 6 298 92 41 37 17 0 211 180 266
182 31 243 119 134 194 120 288 172 185 107 208 230 170 155 139 216 88 246 161 262 56 276 71 291 42 47 175 256 176 171 37 227 84 55 215 245 206 76 292
115 108 47 116 25 264 41 100 94 265 139 190 174 297 299 279 153 266 198 261 267 52 211 110 219 263 38 201 262 228 222 216 269 39 42 58 203 169 16 2
98 125 255 236 138 195 77 228 35 114 269 250 10 81 299 298 272 131 232 89 151 171 163 79 225 267 213 26 146 37 148 197 85 7 287 43 8 235 2 244
43 193 260 236 76 122 56 19 150 239 35 157 222 110 36 186 102 170 129 206 21 48 34 202 7 29 225 213 188 291 160 273 230 215 2 168 31 119 92 237
243 123 240 136 111 177 272 208 20 139 4 40 62 141 172 1 55 219 150 86 262 222 216 99 143 29 250 133 158 168 144 113 197 16 78 36 184 30 122 14
100 278 207 57 287 86 175 129 182 279 17 165 143 114 9 71 239 193 183 146 72 131 127 97 84 273 271 266 284 244 149 51 171 40 89 141 142 251 147 173
146 252 83 64 224 135 49 246 297 161 151 21 147 36 183 185 96 180 120 90 260 299 73 231 104 188 27 176 208 128 2 39 261 270 275 238 53 171 148 18
156 189 230 286 260 77 14 149 274 104 215 272 79 262 16 239 240 166 30 293 40 233 176 57 150 72 170 211 299 85 114 131 58 99 122 266 139 1 43 190
73 186 116 54 205 12 153 59 100 88 33 164 155 0 202 188 145 23 146 272 181 17 228 222 230 151 67 97 139 41 57 241 40 259 4 213 48 81 195 14
24 167 120 127 71 118 159 233 289 126 94 166 145 44 281 226 25 117 21 243 96 28 51 160 49 236 163 142 280 262 102 242 154 60 254 121 55 184 87 78
149 208 218 242 215 206 194 278 17 263 288 12 113 67 109 241 290 44 108 285 183 39 185 246 202 118 31 62 221 293 30 220 173 111 279 158 15 102 142 248
149 25 213 197 165 206 169 223 0 29 257 19 17 155 16 273 137 220 38 105 219 159 180 34 294 295 6 195 240 175 52 235 32 98 285 296 43 290 171 91
101 52 169 201 102 3 64 37 247 66 46 125 29 255 297 269 73 88 225 190 60 30 298 12 262 293 40 229 59 147 121 96 13 67 289 124 24 150 9 240
93 115 287 157 14 17 279 285 154 261 20 244 96 280 252 231 12 167 26 243 202 68 55 290 77 216 277 150 270 220 299 165 295 275 65 234 192 41 4 72
160 242 270 259 170 235 130 176 108 200 164 185 256 204 69 195 129 142 57 229 12 114 145 111 3 254 97 56 222 24 4 33 67 118 232 48 100 112 171 68
157 132 105 221 140 190 201 56 20 104 166 131 77 51 68 274 139 89 66 256 264 16 181 87 205 268 261 82 127 134 186 133 50 241 106 197 124 242 52 284
90 26 215 15 112 151 99 275 60 182 228 187 2 38 204 142 129 113 19 278 162 285 80 108 41 224 107 5 98 148 217 165 270 92 46 105 220 96 94 166
222 252 45 273 279 179 219 170 11 63 107 140 234 12 169 155 216 163 97 201 263 220 158 17 141 144 224 72 203 130 94 148 43 36 188 122 153 71 166 180
277 23 202 114 92 131 298 237 222 230 94 80 259 153 93 203 82 36 145 19 171 116 255 273 211 0 225 56 197 147 139 276 201 179 38 297 91 51 33 279
7 12 152 206 51 1 102 248 99 88 179 139 29 297 37 10 156 252 288 115 192 172 278 87 229 31 123 26 166 71 213 15 39 220 21 254 96 107 146 167
297 89 77 97 190 264 152 287 103 211 94 45 43 62 113 86 266 278 5 14 17 214 85 1 268 289 161 281 232 271 81 122 96 238 39 24 228 269 274 204
165 267 299 148 4 285 111 217 203 128 7 215 192 156 283 98 54 35 110 224 92 134 10 30 87 47 281 133 200 212 3 115 204 289 286 169 257 279 19 42
148 201 34 222 151 259 84 238 142 288 63 206 49 40 167 225 162 172 117 35 57 27 209 15 75 105 12 61 277 217 137 263 123 111 146 147 284 76 91 234
294 197 212 64 174 204 28 43 150 123 186 242 158 87 48 179 209 254 40 34 195 277 86 273 125 221 0 107 13 120 295 286 104 84 167 100 296 227 115 131
252 230 189 109 283 197 25 70 204 39 82 113 221 296 7 295 212 83 142 254 116 135 120 29 91 101 199 4 63 262 166 156 9 163 76 214 255 219 137 71
93 280 68 34 260 80 86 20 58 90 165 257 32 212 250 57 253 160 123 193 134 267 100 4 28 228 31 283 141 128 74 202 98 285 236 101 234 247 136 216
109 188 73 272 61 243 39 114 201 189 258 230 209 287 125 180 195 127 265 56 217 224 232 183 299 137 118 128 21 30 59 239 267 68 158 156 47 105 49 81
117 63 3 289 232 293 163 138 54 110 75 87 262 141 36 136 242 124 2 45 130 292 43 134 199 216 286 246 53 222 59 239 294 9 116 171 144 267 21 57
220 12 91 171 107 237 298 42 38 158 268 45 108 267 86 149 48 145 32 27 6 242 26 53 243 160 50 128 122 266 20 49 228 21 246 95 10 229 31 5
193 274 189 256 78 22 204 37 75 181 191 245 259 145 122 150 81 1 120 169 223 32 156 251 226 7 263 228 68 286 220 179 15 25 154 238 128 240 100 61
67 286 189 207 103 256 30 267 295 273 199 22 12 17 188 218 91 148 15 14 165 163 275 143 243 79 215 227 104 271 37 272 42 266 124 138 167 197 155 298
151 192 210 201 283 11 266 51 33 88 164 290 289 75 109 102 243 271 64 238 175 293 114 270 299 282 73 209 46 232 40 127 142 163 99 186 116 54 206 103
83 57 220 192 103 106 282 194 135 199 233 260 151 113 230 228 62 286 16 257 27 219 117 149 13 187 38 100 0 73 155 20 211 202 90 71 167 244 65 22
11 257 37 152 135 195 20 150 240 213 147 268 6 168 13 170 200 158 109 57 196 198 77 12 64 208 98 79 97 202 49 212 217 259 246 220 74 71 210 236
61 38 219 261 176 123 113 258 193 247 64 160 245 136 196 170 72 92 182 213 30 271 287 22 225 65 146 224 281 88 44 280 186 199 244 164 118 248 232 299
47 77 192 298 218 243 169 207 96 193 30 219 72 232 201 160 42 241 29 123 157 262 20 26 32 117 176 252 149 55 263 227 126 208 276 16 297 279 196 228
288 231 23 292 79 3 280 282 22 289 218 211 100 272 44 153 174 152 150 43 31 148 13 145 32 29 228 201 191 137 95 115 48 91 155 85 80 63 227 195
105 33 99 95 56 198 245 243 172 219 74 77 253 91 224 280 70 227 248 93 154 169 109 34 225 233 94 61 26 119 272 180 138 76 122 188 208 51 221 278
116 241 226 103 170 164 240 155 144 124 161 187 267 86 198 157 290 115 217 36 230 133 2 248 176 156 66 271 7 151 78 45 278 245 257 6 166 63 221 13
132 4 267 231 7 44 198 272 256 18 92 281 134 123 87 139 77 238 109 167 162 284 101 114 128 110 126 2 84 23 69 234 282 74 192 212 168 95 20 266
24 49 183 267 120 279 222 274 297 4 58 101 271 104 10 11 226 93 130 259 197 231 209 173 36 88 213 38 219 278 92 155 205 206 228 172 202 296 135 242
252 274 289 265 37 84 163 185 72 42 7 70 90 96 5 123 120 212 15 83 269 17 61 239 171 243 223 296 198 150 145 277 24 133 0 168 135 35 201 87
255 279 6 278 244 257 104 17 167 240 106 87 33 222 85 117 146 197 116 60 231 176 299 121 180 15 111 271 153 110 245 194 241 263 24 145 171 59 65 108
56 7 187 191 230 66 80 165 299 156 62 180 166 289 189 250 88 94 287 265 21 179 225 118 50 45 64 194 26 105 44 31 37 157 175 170 202 295 272 169
107 235 32 131 116 299 50 70 271 11 91 148 34 2 64 13 194 137 75 35 224 9 178 158 42 202 156 263 31 183 125 229 265 172 215 1 140 185 121 240
277 286 52 25 95 147 279 137 240 272 142 280 260 57 173 12 27 160 106 183 222 238 103 41 2 23 62 47 232 20 123 152 181 227 94 141 32 129 126 169
39 97 142 117 41 247 84 70 214 258 149 24 65 122 296 226 42 152 12 168 257 244 199 248 215 27 74 286 120 253 217 229 291 180 190 241 91 262 178 14
218 86 41 131 63 185 102 84 31 256 169 241 181 229 153 206 252 246 211 293 42 132 193 269 174 209 154 83 286 289 190 18 194 38 113 264 233 23 98 276
222 257 36 128 111 120 46 269 61 58 230 263 131 109 227 6 171 56 264 255 145 248 151 22 189 247 299 135 183 116 44 43 121 219 141 69 107 67 186 182
60 73 136 182 84 1 53 93 3 173 229 131 277 35 290 268 256 183 158 200 172 16 245 188 287 37 152 81 223 133 239 293 74 257 130 246 168 24 149 151
145 253 164 115 276 92 171 160 82 190 22 147 103 95 291 107 116 9 215 274 73 265 14 64 110 281 170 134 79 121 38 260 262 19 65 272 112 293 36 39
37 173 49 280 161 164 75 240 186 41 126 202 142 44 72 117 242 137 32 268 30 67 234 34 191 94 20 212 182 285 180 271 77 120 73 81 82 162 245 58
182 217 251 34 177 111 289 99 50 132 246 154 54 7 224 136 223 174 22 238 149 282 137 81 190 57 220 64 261 299 285 237 241 294 153 271 225 290 122 180
209 251 263 143 195 178 193 53 149 243 166 207 52 45 242 29 179 44 79 257 259 203 156 94 152 38 153 16 120 246 32 69 47 175 238 183 181 298 65 23
274 111 298 294 24 203 59 110 91 1 212 257 183 122 181 255 112 287 63 52 240 113 200 290 77 76 105 20 151 72 292 235 219 90 75 30 207 107 216 153
94 224 138 139 6 100 280 121 97 79 233 223 87 163 154 219 90 151 169 42 39 252 192 209 283 225 18 147 279 160 101 112 26 259 231 266 221 144 14 164
123 84 195 125 67 154 204 251 14 156 291 104 75 116 188 151 131 201 167 265 216 160 120 250 37 290 133 117 111 139 106 98 294 94 189 15 112 241 34 3
228 67 15 231 70 84 81 21 259 163 87 160 35 215 11 208 275 89 112 296 136 58 179 144 90 63 220 98 227 236 185 281 107 190 291 170 283 12 131 92
269 118 293 48 225 161 115 191 28 15 268 143 233 42 229 228 10 155 196 150 85 52 266 175 26 70 201 281 96 247 100 275 149 73 168 114 299 270 67 95
40 246 70 103 65 214 299 28 60 76 176 285 298 33 221 261 197 218 30 99 115 279 133 88 46 2 142 112 5 86 265 165 50 93 248 89 143 186 196 234
244 236 220 299 112 161 29 281 263 58 194 96 6 197 37 146 24 231 63 265 35 122 278 251 179 214 177 135 195 158 39 288 11 184 91 225 94 254 169 143
214 149 34 173 287 238 281 239 166 262 89 297 106 293 171 77 81 119 23 268 194 230 224 177 263 240 290 197 247 229 74 11 105 212 221 168 202 54 56 109
235 139 210 2 5 264 299 63 120 138 131 165 231 185 95 237 227 57 47 28 72 68 27 240 281 60 173 48 184 162 246 221 7 294 220 91 21 118 289 103
108 226 231 35 290 151 264 215 121 263 242 7 237 27 15 92 31 165 127 184 111 114 210 182 22 161 193 154 227 19 83 102 299 17 72 124 51 49 272 131
257 182 218 209 139 9 231 255 132 144 71 285 296 65 239 134 104 128 74 221 145 198 124 161 37 83 153 14 87 101 0 78 130 40 91 148 49 216 94 270
78 53 214 221 38 113 199 209 49 285 215 114 80 5 75 43 223 278 50 194 60 146 130 257 284 106 132 8 249 136 269 217 135 3 28 74 178 246 192 167
245 260 188 214 290 261 184 203 176 61 54 149 293 266 94 35 36 289 146 294 270 210 191 238 220 115 180 37 197 101 253 222 74 81 47 167 9 64 179 209
21 117 278 255 29 156 100 280 290 102 265 260 115 231 187 7 133 45 103 15 194 186 250 75 130 212 178 79 13 261 28 296 20 47 157 150 229 137 153 257
69 39 253 55 165 142 246 84 137 0 223 110 233 250 280 113 146 163 15 17 258 157 285 295 87 138 118 215 259 265 126 123 182 83 139 172 245 152 267 50
143 170 150 51 7 227 135 257 48 252 111 181 155 28 201 244 209 239 241 188 98 207 210 177 105 237 141 138 267 40 216 261 238 16 73 248 43 290 240 90
50 223 59 293 44 81 31 30 144 261 268 74 93 26 138 269 131 165 168 123 115 183 118 147 290 262 263 164 57 153 281 207 5 53 64 146 232 141 136 39
49 121 276 77 134 236 271 79 129 17 224 80 84 212 58 122 257 34 127 196 249 289 23 90 148 228 88 153 203 72 171 86 202 282 78 235 56 157 295 214
0 222 186 233 76 201 244 203 227 200 221 99 58 267 176 169 270 80 63 254 127 59 54 110 152 217 30 98 154 195 37 293 271 207 237 231 206 106 82 3
254 45 20 178 87 48 104 82 245 231 92 99 230 213 235 115 171 195 8 182 284 30 266 168 265 54 218 123 184 25 244 289 189 281 137 199 100 73 197 94
117 194 34 156 116 244 130 7 51 171 64 118 121 242 21 67 111 43 100 257 24 198 189 220 178 52 222 103 203 109 176 253 254 279 30 173 60 215 56 126
226 32 71 123 93 3 160 258 189 182 122 115 246 132 85 92 273 224 169 107 91 170 64 204 69 106 270 18 97 138 201 225 21 26 292 194 168 58 39 239
267 171 188 209 159 149 201 140 15 11 32 272 89 202 141 14 136 128 182 23 292 244 3 9 143 222 166 268 137 97 79 256 95 158 221 289 86 284 50 249
222 22 202 103 289 266 110 163 111 10 94 189 67 45 55 26 63 132 274 98 119 133 191 147 213 66 225 241 9 179 149 295 19 11 193 116 246 51 104 158
147 91 257 8 101 290 155 242 143 168 34 294 70 75 202 98 268 150 87 116 188 81 109 247 1 297 228 217 103 35 115 43 64 220 66 90 3 250 26 240
286 284 185 22 205 269 200 167 154 30 90 104 221 248 264 17 190 29 224 62 115 92 15 0 129 31 158 237 159 287 107 61 272 27 105 108 73 88 7 261
296 77 44 231 40 266 140 158 83 220 288 20 86 93 95 271 60 124 127 11 56 234 74 75 145 36 286 111 203 194 157 204 46 215 212 237 119 242 105 153
247 218 225 200 68 51 29 15 239 96 156 248 92 207 17 46 78 187 228 181 55 141 245 97 73 95 79 180 132 212 24 179 27 77 19 31 150 209 109 204
119 182 113 89 203 255 100 260 60 298 194 169 144 239 269 32 193 242 142 68 277 26 297 294 289 249 189 86 93 103 252 250 23 27 46 85 122 288 280 235
67 146 68 195 117 106 148 170 95 150 120 102 103 219 128 299 87 55 252 53 52 4 213 121 60 104 77 229 190 31 142 5 108 272 221 100 297 6 209 226
29 210 91 11 135 209 177 298 289 273 96 260 296 59 93 8 211 295 139 166 193 51 252 170 203 297 17 3 130 32 140 259 16 187 189 219 72 131 56 5
43 232 260 177 122 51 8 129 99 48 287 46 109 229 275 93 9 115 33 219 238 203 140 6 107 131 89 73 297 202 94 84 22 251 181 71 227 151 178 42
140 175 277 148 253 213 105 185 159 2 57 154 68 226 91 156 144 259 272 63 187 136 82 108 208 122 114 254 162 95 292 211 147 236 27 45 90 137 295 103
10 248 98 172 97 213 54 253 180 173 261 102 212 42 257 109 116 168 299 27 14 151 243 232 274 46 75 108 196 161 289 247 138 288 131 96 272 143 166 104
60 111 269 83 293 43 221 162 232 32 239 117 72 1 167 70 110 174 290 62 114 22 281 217 143 238 50 270 202 226 179 279 205 158 115 298 148 139 41 37
161 36 248 297 236 59 42 210 14 278 44 29 73 280 101 258 18 242 281 25 205 191 188 49 208 252 105 170 204 3 216 186 51 76 112 95 193 43 166 295
53 222 65 136 277 208 175 73 234 168 19 17 99 296 103 40 112 265 225 251 88 158 1 169 91 36 200 248 106 267 141 93 87 30 276 2 269 13 214 240
258 75 167 53 151 162 6 84 291 284 32 25 61 257 222 166 140 34 136 190 1 132 178 36 273 114 103 31 250 208 95 226 159 112 181 240 129 35 289 247
236 7 176 273 291 258 26 82 107 283 165 155 62 289 105 209 10 80 2 249 118 112 263 4 83 64 33 234 231 114 85 1 136 177 229 272 169 115 254 150
