2
6
4
0
3
6
3
0
7
7
0
7
7
0
7
7
0
2
7
1
1
1
1
0
2
6
4
2
6
2
7
0
7
1
1
1
0
2
6
2
3
0
7
7
1
1
7
0
3
0
3
6
4
0
3
0
7
0
2
3
1
7
1
1
0
2
6
3
6
3
0
2
6
2
7
7
7
0
7
0
2
7
0
7
7
1
1
7
7
0
7
1
0
7
7
7
7
0
2
7
7
0
7
0
7
1
0
2
6
3
6
3
1
1
7
0
3
1
0
7
1
7
0
3
6
4
3
1
7
1
1
7
7
0
7
7
1
0
3
0
7
1
1
7
0
2
6
3
1
0
2
6
4
0
3
0
7
7
0
7
0
7
0
2
3
0
3
0
2
3
6
3
6
3
1
1
7
1
7
1
0
3
0
3
1
7
7
0
3
6
4
0
3
6
3
6
2
7
1
7
0
2
3
1
0
3
1
0
2
3
1
7
0
3
6
3
0
7
7
7
0
3
0
7
0
7
0
2
7
7
0
2
3
6
4
0
3
0
2
3
6
2
6
2
6
3
1
0
7
7
1
1
1
1
7
1
1
7
1
0
3
6
3
0
3
6
3
0
2
7
0
3
1
0
7
0
7
7
7
1
1
0
2
6
2
7
0
2
7
7
1
7
7
7
1
1
1
7
7
7
