21 24 26 46 54 59 69 73 79 87 88 94 103 112 117 124 126 131 133 136 142 144 147 149 155 166 189 207 211 214 228 232 234 243 247 251 263 269 274 277
1 6 16 31 34 38 39 60 61 71 80 82 104 105 109 119 128 134 136 139 153 154 156 166 174 181 196 202 211 219 226 236 242 244 247 249 252 260 281 297
4 5 24 25 26 27 30 38 41 44 51 70 78 79 83 86 95 103 113 118 122 144 151 155 167 170 181 185 191 201 213 226 228 230 236 264 265 269 295 296
1 36 37 38 42 68 81 83 84 99 101 107 108 112 121 135 151 153 154 157 160 168 170 177 189 192 202 204 206 212 218 222 233 251 253 271 275 281 288 289
29 33 34 52 54 72 73 76 78 86 88 125 142 144 146 148 155 162 165 171 177 178 180 188 189 195 211 219 240 242 246 247 258 264 270 278 279 286 289 293
21 22 23 27 30 36 43 45 70 72 79 86 100 102 117 118 119 122 129 130 133 144 147 149 163 180 195 198 204 212 215 222 230 232 237 251 271 276 278 286
2 17 19 20 21 22 29 40 56 73 79 87 92 116 121 125 127 142 150 158 162 163 172 180 186 189 190 191 202 209 216 220 232 233 245 247 250 253 255 289
2 9 10 20 26 29 36 37 41 45 46 51 67 90 92 98 100 121 129 142 146 155 164 171 187 189 204 215 219 228 232 238 240 249 272 279 283 287 291 294
12 34 39 43 46 54 60 71 72 81 82 84 94 98 103 113 114 122 125 135 137 139 140 156 157 167 170 173 181 187 202 220 221 223 224 239 249 270 293 299
9 15 30 34 45 50 51 52 53 57 64 68 74 83 87 97 106 108 117 121 125 126 129 132 143 164 167 168 179 189 196 197 198 207 228 232 240 248 282 293
17 34 41 43 50 56 58 72 77 78 81 82 92 95 108 112 138 142 157 161 183 189 195 197 204 211 212 226 231 234 248 256 257 267 268 271 276 278 280 281
13 14 27 29 42 48 70 83 93 94 96 98 102 130 150 151 155 158 169 177 183 184 193 198 207 216 221 223 232 233 234 243 244 248 281 285 288 295 297 299
24 32 39 54 62 68 75 87 90 99 109 115 116 117 124 132 135 143 148 159 162 164 176 192 194 195 197 198 201 203 217 220 224 228 231 235 249 273 276 294
6 21 22 23 50 54 56 59 63 66 71 73 75 80 83 100 106 107 112 126 131 137 141 143 180 183 185 196 207 216 218 221 232 237 255 266 269 281 288 291
3 7 17 18 34 40 43 45 47 51 60 62 65 66 91 104 111 113 128 139 142 143 147 168 184 192 199 203 209 210 220 221 226 227 255 261 264 268 275 278
10 11 46 47 49 57 60 64 66 76 88 96 105 147 150 154 155 168 178 180 191 205 219 224 226 234 238 242 243 245 247 253 259 264 271 273 275 287 290 298
3 14 24 32 37 53 54 59 63 73 76 80 89 95 99 100 111 114 117 128 136 139 144 155 156 169 172 182 199 212 215 218 223 226 232 241 270 294 295 297
13 26 45 55 62 66 67 78 86 119 135 140 142 149 154 155 156 157 169 174 175 181 182 197 201 202 206 208 212 213 218 234 245 263 267 272 280 281 289 296
1 13 14 16 34 36 40 43 45 46 58 62 63 92 103 106 108 110 122 125 129 137 141 157 163 178 185 194 206 217 240 242 248 254 257 268 278 287 289 299
0 6 11 14 24 30 31 45 48 51 55 63 74 77 84 85 91 92 98 99 118 124 138 148 155 174 182 184 200 201 212 217 221 228 257 271 272 277 286 290
4 17 22 31 45 51 70 82 94 95 97 101 121 125 129 131 150 151 153 169 175 180 182 185 186 187 217 220 232 235 245 247 260 265 272 279 284 289 291 294
21 34 43 59 63 74 77 85 89 92 97 102 104 105 106 110 127 141 150 153 159 160 165 185 192 194 201 205 215 222 223 228 236 253 257 259 262 274 277 294
1 10 22 24 32 33 35 44 46 49 50 60 66 75 85 97 98 101 121 128 132 153 154 162 170 184 189 197 218 246 250 252 253 270 280 283 285 287 289 290
9 21 28 29 30 52 59 69 78 104 111 117 120 136 137 151 158 159 166 168 181 183 186 190 199 201 202 203 208 214 221 231 238 239 240 254 276 289 293 296
3 5 8 31 33 56 61 67 74 84 86 104 116 121 136 139 145 146 150 164 170 174 175 176 195 197 212 224 227 235 239 240 241 248 257 259 261 262 290 297
4 8 16 35 60 70 78 79 82 83 94 101 105 108 116 140 153 158 171 182 185 192 198 203 209 211 222 223 224 226 237 238 252 255 264 268 269 271 280 291
0 7 8 16 17 23 36 42 45 55 61 65 66 70 72 92 103 105 107 108 121 128 145 153 156 159 164 166 170 180 210 215 242 246 249 252 262 268 273 287
1 31 43 47 48 49 51 56 61 80 81 87 100 102 111 112 114 127 137 140 146 148 151 152 155 189 191 192 206 216 219 220 225 242 246 255 267 286 291 295
0 1 10 22 34 39 41 42 45 46 48 64 76 94 95 97 105 127 154 156 161 167 169 181 189 192 193 209 211 219 225 227 251 253 264 266 274 282 283 291
0 10 29 33 42 44 49 52 56 67 74 89 90 94 100 105 106 107 110 130 136 140 160 165 171 175 189 213 215 231 235 238 244 262 274 280 283 294 296 299
5 14 18 24 25 46 48 56 61 66 73 75 78 79 97 102 104 109 111 143 148 153 154 161 164 181 189 197 198 203 220 242 260 268 269 281 283 285 288 296
16 17 29 52 57 64 65 76 84 87 90 101 106 122 125 126 127 129 142 149 155 160 166 171 190 199 208 213 222 235 243 261 262 263 279 280 281 282 284 295
1 8 14 21 40 80 82 91 94 98 99 107 119 124 129 133 135 137 143 146 149 156 157 164 165 175 178 187 203 243 244 250 255 260 268 269 281 291 292 298
2 10 14 30 35 36 45 49 59 60 61 62 69 71 79 84 107 111 112 130 133 143 148 150 157 158 159 192 195 201 203 206 226 233 234 246 266 270 278 291
2 11 13 21 28 29 38 40 41 53 62 78 83 100 102 105 108 110 122 124 134 137 140 151 158 160 184 188 195 203 205 212 214 218 222 223 225 232 243 259
7 22 32 35 36 42 44 46 65 75 88 96 97 117 125 128 143 145 146 153 159 163 168 169 172 190 197 205 216 226 233 239 266 267 269 270 271 278 279 286
10 12 16 33 39 46 50 56 73 79 80 89 96 125 127 128 131 135 145 164 167 168 174 185 186 187 191 200 217 229 239 253 254 256 259 270 279 285 288 289
1 16 18 20 26 31 34 38 44 58 59 63 64 66 73 87 90 92 100 105 113 121 129 142 151 171 194 207 208 212 224 228 229 234 252 253 255 265 287 298
5 10 24 38 47 60 64 81 82 90 93 94 112 116 132 134 148 149 161 166 170 176 190 194 209 220 226 230 244 245 246 252 262 265 281 284 289 291 294 295
6 7 25 39 43 52 54 66 67 70 72 77 80 86 89 92 103 109 122 125 128 136 142 145 148 168 182 204 206 214 218 251 260 263 264 265 274 290 291 293
5 16 30 34 46 60 62 72 88 91 102 105 106 107 120 135 138 142 146 169 174 176 181 184 186 197 202 209 210 217 220 221 223 226 247 255 274 287 294 297
12 25 32 47 48 62 72 77 79 95 102 103 112 124 126 128 135 139 150 157 170 171 174 176 190 194 195 196 202 203 211 245 249 251 262 266 272 278 292 296
0 2 3 4 22 23 29 32 33 42 44 45 48 52 53 54 80 88 101 109 113 121 126 161 176 178 186 187 191 193 210 211 236 247 259 263 273 276 288 295
21 24 39 41 51 68 91 95 99 109 111 118 135 141 144 163 180 201 202 203 208 216 219 221 223 224 225 245 246 250 252 255 262 264 265 269 270 279 281 288
34 36 38 40 47 48 51 53 57 60 76 81 87 91 94 97 102 113 117 120 127 133 145 155 159 186 192 203 207 208 214 217 218 228 244 250 261 272 280 297
2 5 7 11 17 21 22 23 42 54 63 65 67 72 84 101 107 113 115 120 134 138 139 146 186 189 192 202 213 214 235 239 240 241 242 250 263 278 282 288
3 7 9 16 39 58 66 70 97 111 124 131 133 137 147 157 160 161 175 178 179 181 189 196 197 206 208 212 225 247 255 256 257 260 269 270 273 291 294 297
1 5 32 36 52 58 59 61 64 74 76 81 106 110 132 133 141 159 162 163 172 179 184 189 190 192 196 201 205 206 214 225 236 237 241 245 262 274 280 296
3 9 17 19 21 26 27 28 32 43 45 47 52 73 84 100 106 108 116 140 141 142 147 149 150 162 165 186 190 192 205 208 210 220 227 255 261 277 286 287
7 18 22 31 33 45 47 57 58 71 76 80 81 83 85 87 108 112 114 116 122 130 139 171 177 178 184 186 190 227 233 246 251 255 257 260 262 266 275 286
6 7 12 25 52 54 61 80 91 93 95 98 99 107 109 133 135 139 140 161 168 176 188 193 204 206 211 213 224 231 232 245 250 270 273 274 287 288 289 298
2 5 6 12 17 25 38 39 43 46 56 60 66 68 72 80 84 90 92 98 123 133 136 154 181 184 191 201 208 212 213 217 220 239 257 261 264 271 272 294
0 1 2 45 46 66 70 85 93 95 99 100 111 112 140 156 170 180 182 190 191 200 202 209 220 227 229 230 233 241 244 247 249 257 264 265 269 279 286 297
5 16 19 23 26 37 42 54 71 77 85 88 132 139 140 142 148 170 177 178 188 193 201 223 228 232 239 241 245 247 252 258 264 269 270 284 288 291 293 297
5 7 17 22 25 28 36 39 41 50 54 56 71 78 81 84 121 138 148 167 175 178 190 203 205 208 209 210 220 224 232 244 250 253 259 266 267 279 286 297
6 20 21 48 59 78 85 87 90 91 99 101 106 141 144 148 152 153 162 164 167 181 196 210 220 225 232 233 236 243 249 250 251 261 262 270 276 279 283 287
1 11 12 15 16 17 23 24 36 38 58 60 61 72 83 126 132 134 135 141 145 150 173 184 185 199 201 206 218 223 225 231 242 250 258 271 272 279 281 291
1 13 14 15 22 37 74 83 86 94 95 98 103 107 111 116 123 139 144 146 151 161 173 181 185 200 207 208 212 216 223 224 229 242 247 253 260 263 271 298
11 20 23 24 44 55 59 76 90 91 95 96 102 117 119 120 125 127 136 150 157 165 167 181 189 197 203 217 223 228 229 230 241 243 250 256 257 260 266 277
1 4 8 16 18 23 28 53 55 60 67 68 74 75 95 111 112 123 130 138 151 153 172 173 176 177 178 180 205 213 215 244 247 251 260 269 271 273 276 295
1 15 18 40 54 59 67 74 81 87 88 95 105 114 115 117 120 127 143 145 159 165 166 173 174 179 182 188 196 204 211 214 218 220 237 239 241 251 273 277
4 10 11 25 40 45 57 64 75 83 84 87 92 97 104 110 120 124 134 136 156 177 179 184 189 198 199 215 233 236 237 239 242 247 257 258 259 267 289 290
0 4 9 10 31 32 47 62 75 80 84 85 88 102 110 117 118 130 146 151 152 157 160 164 183 188 192 194 198 203 205 217 229 239 268 273 284 290 292 296
9 14 19 27 30 40 41 58 63 72 73 78 82 84 87 88 102 105 113 120 134 157 160 171 177 191 193 194 213 220 228 252 257 262 270 284 285 288 291 297
33 34 35 49 53 56 59 68 75 79 80 81 83 95 99 108 112 131 139 152 159 160 169 184 190 195 197 218 222 223 229 237 261 275 279 281 282 290 293 296
0 27 33 34 47 48 49 56 62 67 77 78 95 96 99 103 105 116 117 125 127 129 131 142 145 156 170 175 178 191 198 212 221 231 236 262 267 275 290 299
0 4 13 22 23 29 34 37 49 63 66 78 110 111 120 125 129 135 141 145 146 152 166 170 176 191 196 202 213 228 232 243 249 250 262 274 284 291 293 296
15 17 25 28 37 44 63 67 69 88 91 97 101 112 117 120 123 139 140 152 155 161 164 165 168 176 177 182 186 201 217 220 229 247 248 253 258 272 283 293
6 12 18 21 31 37 47 56 59 65 67 76 78 97 98 100 127 128 131 150 165 171 198 202 205 215 233 238 239 249 257 258 262 275 278 282 284 289 290 294
9 18 21 24 31 42 48 50 61 89 95 96 99 102 105 107 112 117 156 162 171 179 181 189 197 203 207 212 213 215 220 233 239 240 250 262 273 274 291 298
14 33 44 48 52 55 68 72 74 81 84 89 103 104 107 108 109 114 117 133 139 142 157 169 171 172 176 182 195 196 198 208 209 225 248 264 266 277 282 299
3 23 25 26 29 30 35 43 45 53 90 100 101 104 108 113 138 142 149 152 173 175 180 186 189 190 193 207 208 224 227 232 238 249 261 271 277 282 287 294
12 25 27 28 37 45 57 66 67 68 80 94 95 104 109 112 117 118 145 147 170 175 180 181 184 195 210 217 232 237 245 251 259 263 277 280 282 287 288 294
0 18 22 31 46 57 63 64 79 82 91 98 121 129 134 146 149 152 157 161 163 169 172 179 182 215 217 240 241 253 260 261 265 267 272 273 277 279 286 296
9 22 29 34 36 40 43 68 70 73 76 88 108 118 125 129 130 131 139 144 146 153 155 157 160 164 171 182 183 194 220 221 231 249 252 265 267 282 283 288
8 13 21 27 35 38 40 49 73 74 77 86 93 95 99 103 106 116 117 119 123 128 145 146 153 162 168 172 174 188 195 200 203 206 218 226 229 239 248 268
7 14 27 30 32 34 47 49 58 59 62 71 77 86 89 100 125 146 152 173 177 179 187 190 193 200 205 209 214 216 219 225 246 249 253 256 280 288 292 296
1 7 28 31 39 67 68 69 72 73 74 81 100 102 103 127 135 137 140 156 163 165 178 180 197 204 207 208 210 215 216 218 220 225 235 246 250 256 264 290
11 23 37 42 54 55 57 64 73 74 76 78 84 87 93 96 97 98 99 100 124 131 133 139 143 177 178 181 210 233 240 245 248 260 261 264 272 281 288 293
3 8 11 22 30 34 36 39 49 56 59 65 68 76 81 90 106 152 158 161 172 189 195 200 201 204 207 211 213 221 240 245 247 252 256 268 271 280 295 296
20 26 28 41 47 50 62 66 68 72 75 77 99 100 101 104 123 125 128 163 168 174 179 185 198 213 218 224 228 230 237 261 269 270 272 281 282 290 291 292
2 18 19 27 34 45 62 71 72 75 83 95 103 109 120 124 139 147 155 156 160 173 187 199 205 210 218 220 226 227 236 237 243 250 267 271 273 275 281 286
2 3 5 7 10 13 18 25 29 57 58 81 82 91 92 102 103 116 118 121 136 140 145 152 168 170 172 178 196 210 213 227 245 247 250 254 262 279 280 288
1 5 14 26 27 39 57 64 78 84 85 94 95 97 102 141 142 144 145 161 165 170 175 197 199 200 206 210 223 232 234 240 267 280 283 289 293 294 296 297
0 11 12 21 44 45 48 49 52 53 65 77 78 98 109 119 121 133 141 144 146 166 167 177 183 191 193 206 215 221 228 233 234 257 259 273 274 278 279 281
28 29 35 60 61 80 85 86 87 90 98 99 101 106 107 115 121 127 144 145 159 172 177 180 183 193 196 209 215 219 224 229 237 251 257 259 262 271 281 297
8 20 27 30 37 48 64 118 124 127 137 138 148 157 158 163 167 172 174 177 182 195 199 201 216 229 231 237 239 242 250 254 257 259 270 274 281 287 289 298
8 32 34 46 48 51 53 70 72 78 83 91 96 97 109 123 124 150 151 170 175 177 180 181 187 194 196 197 205 207 210 216 228 232 237 251 280 286 291 298
15 18 28 35 39 56 57 62 68 76 78 86 91 109 116 118 124 125 130 138 146 148 150 162 164 176 181 189 191 192 195 197 209 211 227 228 232 236 238 242
10 15 21 25 28 31 34 45 46 54 80 82 84 95 100 105 110 124 138 155 167 169 170 175 193 200 201 204 210 221 227 230 235 244 257 263 281 287 290 294
14 16 17 22 35 36 38 51 62 64 65 75 77 93 105 112 113 117 124 134 135 153 157 164 165 174 179 202 213 214 222 240 256 265 266 271 285 290 293 298
8 30 31 36 48 53 58 64 65 77 80 94 95 102 116 122 123 125 126 161 168 170 176 179 192 193 198 206 208 211 215 220 224 240 246 250 251 260 262 282
13 21 28 30 31 43 59 79 81 105 108 130 134 143 147 149 159 162 169 170 188 198 199 202 206 223 229 230 231 239 242 246 252 255 261 265 279 287 288 291
1 5 14 27 38 44 46 48 50 57 68 71 77 95 107 111 112 113 120 139 151 163 173 176 181 196 197 205 214 218 224 225 254 255 260 273 276 279 291 296
0 2 4 31 43 49 54 58 62 65 68 69 73 80 81 87 94 98 110 137 138 157 171 181 182 197 203 208 224 232 236 255 257 259 269 270 280 281 296 298
0 1 3 11 28 31 49 53 79 81 84 90 97 109 117 127 134 142 150 163 167 168 176 185 186 192 193 200 202 218 225 227 244 270 271 275 278 291 295 298
2 8 11 26 30 48 57 76 84 86 93 101 106 117 118 121 126 128 136 138 141 151 170 171 178 208 222 225 228 231 234 241 248 249 266 267 269 289 291 294
5 12 18 43 63 73 88 95 109 111 118 122 132 141 146 148 151 156 161 162 163 166 174 179 183 195 204 218 225 233 238 248 253 264 265 267 270 284 288 295
31 36 42 47 48 61 69 80 93 104 114 135 140 143 145 155 156 161 165 170 173 184 190 192 197 202 207 217 226 229 242 243 246 260 263 268 271 279 287 298
10 12 20 31 37 39 46 51 53 54 56 58 75 91 96 102 114 121 141 146 156 165 167 172 173 182 198 205 209 210 215 222 235 248 267 272 275 276 287 290
4 7 8 14 17 21 22 32 36 37 46 48 51 53 67 76 93 104 115 123 132 136 172 177 189 193 196 201 211 212 221 232 233 241 248 260 265 274 280 294
1 30 43 46 49 55 66 68 79 80 91 93 99 100 102 114 115 125 136 140 147 151 167 174 186 200 221 225 232 237 245 246 251 254 258 279 284 286 293 299
20 27 35 60 63 86 87 109 118 128 138 157 158 170 186 191 195 204 207 217 219 223 228 229 234 240 245 247 248 251 254 255 271 273 274 275 286 288 297 299
0 5 9 18 22 39 41 46 49 62 64 75 83 94 98 102 103 104 105 108 110 137 142 143 146 156 168 195 196 207 223 227 241 244 259 268 275 287 289 295
3 12 14 15 35 46 47 61 69 73 81 85 93 105 106 123 128 130 146 147 151 166 170 176 177 185 192 205 207 209 222 225 232 254 258 259 260 269 274 276
8 29 32 59 73 77 80 85 93 97 103 105 108 122 136 137 144 156 159 160 161 162 171 187 194 198 201 205 212 217 231 236 251 256 277 285 288 292 294 297
4 12 20 32 38 48 56 59 69 71 75 86 123 128 144 147 150 157 161 164 165 172 180 188 192 211 216 220 223 228 231 232 239 260 262 264 281 293 294 298
7 12 17 24 32 37 61 65 69 75 85 88 96 124 132 134 143 144 150 154 160 177 186 202 206 208 209 219 226 227 228 235 237 249 251 260 261 270 284 291
2 4 9 15 16 19 36 37 66 70 74 75 79 85 91 96 100 101 117 126 128 130 153 158 160 194 197 208 213 218 226 240 243 246 252 263 269 289 295 297
7 14 18 23 26 50 52 54 61 68 77 84 87 109 119 124 131 134 136 138 147 151 158 159 170 177 188 197 220 224 242 243 252 259 270 272 277 283 286 299
2 6 8 29 36 41 47 53 60 65 73 76 91 104 113 127 128 131 136 139 142 146 151 152 154 174 210 215 234 236 240 242 244 256 265 273 281 283 287 288
4 32 36 39 57 62 64 67 73 74 87 90 91 104 109 121 141 148 150 156 160 162 167 192 203 209 210 211 213 216 219 223 236 247 266 271 289 291 293 295
0 7 9 17 19 32 43 44 52 74 81 89 94 95 102 104 119 121 124 132 137 140 146 152 153 168 183 193 205 208 214 221 226 233 236 239 264 271 287 290
8 10 11 20 23 29 34 53 55 65 66 78 84 90 102 112 120 124 132 136 137 138 147 148 153 154 175 187 189 191 199 200 202 211 225 245 258 277 279 282
0 5 6 7 22 27 31 32 35 58 59 77 99 100 102 120 122 123 130 144 145 150 169 170 174 184 188 190 208 213 216 222 236 237 241 244 247 249 286 296
1 3 7 16 20 25 31 39 52 55 83 89 93 102 105 111 113 114 116 120 121 143 151 156 169 171 174 175 187 202 206 214 219 227 235 242 247 251 278 280
17 18 24 25 28 30 42 49 54 67 71 88 92 98 104 105 113 126 142 154 156 172 178 184 186 187 203 212 231 235 236 242 247 261 265 272 283 290 294 295
0 12 21 28 37 50 58 79 80 94 95 99 105 108 114 125 134 148 149 152 155 157 162 170 200 209 224 227 233 234 248 264 269 272 278 281 282 284 288 296
5 8 12 15 18 25 28 35 43 45 50 55 59 65 73 81 91 94 96 99 116 117 130 133 153 161 163 170 180 196 214 231 235 266 269 275 290 291 297 298
0 13 15 24 35 59 74 77 79 93 105 114 120 128 133 148 150 159 165 175 177 181 183 191 198 204 212 217 218 222 230 238 243 249 266 276 281 284 290 295
11 20 37 38 43 46 47 60 61 67 80 85 86 92 101 113 116 117 130 143 151 162 166 170 183 191 204 217 218 221 226 227 230 238 256 265 271 286 290 292
17 18 25 34 41 51 66 68 70 71 75 81 90 94 100 121 128 144 149 151 152 153 157 165 176 183 186 194 203 211 212 227 235 244 250 259 290 295 298 299
11 13 23 25 29 38 63 69 74 81 93 94 102 113 116 127 151 157 172 183 189 190 198 199 204 211 215 220 221 233 234 247 254 265 268 277 285 294 297 299
4 6 7 16 22 25 28 30 31 35 44 61 68 72 80 108 112 113 114 122 136 143 146 147 154 164 166 170 172 182 192 214 221 241 244 262 268 277 286 299
1 4 7 20 37 50 54 61 73 86 101 103 132 135 138 139 143 145 149 155 163 164 178 180 181 190 194 195 200 204 212 218 219 239 244 253 257 261 277 294
14 39 40 54 55 61 77 79 85 98 109 123 124 125 131 134 135 151 156 164 170 174 177 198 203 205 207 220 221 227 229 240 243 248 254 267 272 278 281 289
7 15 25 29 30 34 43 46 61 63 78 79 87 88 91 103 111 112 120 126 135 139 145 151 168 182 184 203 205 214 218 223 227 247 258 259 280 284 286 291
7 11 29 31 46 49 50 67 72 87 112 144 148 150 156 159 167 178 180 182 183 186 198 213 214 216 221 223 244 255 256 259 271 272 273 274 276 286 288 296
7 13 29 40 54 55 77 85 89 107 119 131 137 155 161 163 167 168 171 177 185 186 190 191 195 196 205 210 211 215 224 227 228 229 230 240 243 247 248 285
0 2 27 30 32 37 38 43 49 52 60 61 68 72 77 78 83 92 98 105 106 117 126 133 137 157 174 178 183 193 228 234 240 243 270 272 278 280 290 294
1 4 5 7 9 12 25 33 47 54 70 77 79 80 82 95 97 98 101 107 124 134 143 148 151 170 184 200 201 205 210 221 224 227 233 237 238 240 250 298
7 8 29 31 44 46 55 59 69 70 73 76 79 95 101 103 112 129 137 142 143 145 180 184 193 196 198 210 231 232 251 254 256 259 262 271 276 285 288 297
20 26 30 52 57 73 78 85 92 125 132 133 138 147 150 155 165 166 169 193 204 205 209 210 212 222 233 243 249 250 258 259 262 267 276 277 284 287 291 298
18 29 30 32 37 39 40 42 65 67 85 86 88 108 117 119 130 141 157 161 162 163 167 177 180 193 201 228 229 237 242 245 247 267 274 275 277 295 297 298
12 20 21 28 39 47 56 61 64 72 75 81 84 98 102 103 106 130 134 149 163 173 187 191 195 197 199 204 207 213 218 221 226 244 262 276 284 291 295 299
16 31 40 41 45 51 56 64 76 77 93 97 109 114 128 130 151 155 164 165 168 182 190 191 200 204 215 223 224 233 241 247 258 261 272 279 283 291 294 299
5 20 26 29 33 34 61 70 74 79 96 98 110 111 121 129 133 157 164 170 176 184 191 193 197 203 207 210 211 219 227 230 245 252 256 257 259 260 272 297
10 22 31 36 37 49 50 56 58 83 86 103 108 110 112 126 135 138 145 148 152 160 164 169 175 187 189 205 209 225 231 249 257 259 262 271 275 288 290 295
11 14 17 41 45 48 49 64 75 84 98 108 110 115 123 130 153 171 172 193 200 205 208 212 221 226 238 240 245 252 257 261 262 264 267 271 277 281 290 295
11 12 20 31 33 39 40 41 66 75 78 88 104 132 148 160 173 179 192 196 197 202 203 209 211 220 221 235 240 241 252 258 262 270 272 273 279 283 289 297
7 11 18 20 26 30 32 34 38 42 53 56 68 74 82 96 102 106 108 119 128 139 148 150 155 160 161 169 200 202 210 224 233 235 253 261 273 281 286 289
1 2 20 22 24 42 44 47 64 74 80 97 98 106 118 122 150 156 161 166 172 173 187 190 199 208 219 226 228 231 233 239 243 251 255 261 269 276 285 287
2 9 10 17 20 30 32 35 43 52 56 57 67 69 93 94 134 139 153 174 183 201 206 229 231 236 243 248 252 254 258 259 268 272 274 276 277 280 283 292
0 3 6 31 38 46 48 52 56 57 59 62 65 73 77 81 96 97 101 111 133 134 148 152 154 163 177 195 202 204 227 231 238 246 247 265 275 279 290 292
18 20 21 39 60 68 85 89 98 102 105 111 149 150 151 152 153 154 158 174 184 196 203 206 214 219 227 230 231 232 241 245 253 255 259 262 263 273 287 295
7 10 15 16 17 24 27 49 74 75 78 90 92 99 100 102 104 108 110 111 135 142 143 148 156 173 175 187 196 200 201 205 210 219 229 243 248 253 257 281
2 3 5 14 31 42 71 82 86 89 90 91 97 98 100 110 114 120 121 122 141 146 156 160 163 170 171 177 182 203 208 218 221 230 235 243 256 269 284 294
3 23 29 41 52 57 70 71 75 78 89 98 112 118 119 133 136 137 177 179 184 191 194 196 203 208 228 230 232 237 249 252 255 261 266 269 271 295 297 299
2 5 11 12 25 33 36 40 63 64 67 69 70 78 79 80 96 112 114 125 146 152 159 181 186 194 207 213 214 219 221 246 249 254 258 265 268 273 274 290
14 26 33 44 77 82 86 91 100 109 111 127 132 142 146 151 157 159 171 172 173 183 191 196 217 219 223 225 233 235 243 244 256 257 258 267 279 285 288 293
1 12 21 23 33 37 40 63 67 74 82 89 98 104 115 118 119 128 130 135 136 158 175 190 193 199 212 217 226 227 229 231 232 240 246 262 266 276 284 298
9 11 12 16 17 21 31 35 41 46 60 61 62 79 81 94 104 109 126 127 137 152 156 158 166 168 177 193 196 197 213 215 217 229 238 267 273 280 290 298
1 5 23 31 32 34 41 45 47 49 50 52 61 76 82 87 100 102 108 151 153 154 157 178 195 197 204 222 228 229 237 241 245 247 265 275 284 285 288 299
11 13 14 19 43 51 60 62 65 66 68 76 82 85 86 90 91 96 102 104 105 110 130 140 142 159 175 185 204 205 206 226 233 237 270 279 281 288 292 295
4 5 13 25 28 32 33 35 43 46 48 50 56 58 59 61 64 89 96 101 116 119 128 135 136 138 144 158 193 197 199 201 211 212 216 253 268 270 283 295
2 6 10 23 30 38 41 54 55 64 72 89 100 105 114 121 124 126 155 157 161 162 163 166 191 193 205 212 230 234 237 241 242 278 280 284 288 292 297 298
3 7 13 14 21 27 28 29 46 49 73 79 89 97 102 105 116 118 120 125 139 159 160 165 187 205 215 218 222 228 237 241 243 248 249 270 277 286 296 297
22 23 24 33 37 45 52 55 58 76 98 112 116 133 136 143 144 145 146 150 153 154 155 158 176 184 185 186 190 203 223 225 234 238 245 259 264 265 272 295
19 20 25 28 32 35 59 70 79 118 122 126 127 129 132 165 166 187 188 193 197 216 217 220 221 226 227 230 235 247 250 253 254 257 258 262 276 287 293 296
8 17 18 26 41 59 74 82 84 87 98 103 115 126 140 142 157 158 162 180 182 190 199 200 202 213 216 228 230 231 247 250 256 263 276 279 282 288 289 293
2 5 9 11 17 33 41 43 44 46 61 64 79 80 82 110 111 129 140 141 145 153 155 160 175 184 190 202 220 237 241 244 262 266 269 271 277 279 283 288
23 25 26 29 40 41 61 78 86 88 90 95 111 121 127 134 145 147 152 164 172 174 189 193 195 197 206 207 218 227 233 250 252 254 261 266 271 282 293 294
5 7 8 16 22 25 65 74 99 106 113 120 122 131 135 136 141 144 147 154 162 167 175 184 191 195 197 201 209 213 218 222 225 228 236 238 243 244 253 293
17 20 24 42 52 71 75 77 82 109 110 115 134 148 162 167 173 174 175 185 193 196 197 203 209 224 228 229 248 262 264 266 271 275 284 287 293 295 297 298
5 17 25 30 34 48 54 57 65 73 81 98 100 104 105 115 118 121 125 126 136 147 148 166 175 197 199 209 215 221 230 238 245 253 262 263 277 278 287 289
0 2 6 15 19 20 34 37 62 65 66 71 81 83 84 86 87 89 132 144 161 173 175 181 189 194 199 200 207 216 219 229 240 251 252 255 276 283 294 299
16 17 22 27 31 35 43 52 63 65 67 76 82 101 114 123 131 137 158 161 171 174 175 191 202 204 211 215 219 226 227 243 245 246 269 272 278 291 297 298
1 6 11 17 24 35 38 42 45 50 60 72 75 77 78 84 89 97 98 126 127 142 144 161 173 194 202 212 217 227 230 250 265 269 273 277 283 288 289 296
3 14 29 36 47 54 63 69 73 83 84 85 97 102 109 119 129 147 151 166 171 181 187 194 196 203 214 218 220 226 246 249 253 254 256 261 264 284 291 297
12 14 17 18 38 47 63 65 89 90 98 103 113 143 147 150 163 170 173 183 189 191 192 208 209 215 222 224 234 240 252 255 274 276 283 286 291 294 295 299
10 11 17 23 38 50 64 69 89 91 96 99 110 111 114 120 130 136 137 138 146 148 149 150 157 173 179 181 191 192 205 215 229 238 240 253 255 261 279 299
16 25 28 29 43 47 48 54 56 57 63 76 85 87 93 97 100 123 126 129 136 138 159 160 178 186 192 198 200 205 209 247 250 261 272 279 280 289 292 294
0 1 4 7 10 16 30 59 63 72 84 95 112 118 127 139 140 141 142 152 156 170 172 179 181 201 207 211 226 229 248 262 269 272 277 280 281 282 284 287
5 39 40 44 45 47 51 52 56 57 79 88 93 97 98 103 106 134 140 155 173 175 178 179 185 189 190 209 214 215 231 233 234 238 241 256 260 263 265 267
2 17 18 19 28 40 48 53 59 66 72 81 89 93 94 101 111 123 126 136 139 150 163 172 183 189 197 201 209 211 212 227 230 238 240 252 286 287 289 293
5 24 29 30 38 48 53 61 62 72 74 94 98 103 105 108 116 124 154 161 166 171 194 206 207 208 225 234 235 238 247 249 250 255 257 259 271 284 291 296
7 9 11 18 28 37 39 43 57 63 66 78 88 100 106 112 123 147 156 162 170 171 177 179 180 193 194 202 212 214 227 236 240 247 255 261 262 265 267 285
4 7 10 25 36 42 47 55 69 76 77 79 92 93 98 116 122 127 140 144 147 157 173 181 183 191 193 202 206 212 222 224 226 233 245 248 258 273 274 297
4 11 12 27 33 45 65 70 76 85 100 102 108 113 114 134 137 164 169 182 188 196 198 200 207 213 214 220 223 230 234 237 241 245 247 258 266 268 283 288
7 12 14 20 22 24 39 46 49 52 54 61 62 73 75 81 94 99 101 106 112 144 150 156 157 160 173 191 192 200 209 232 241 249 250 265 278 288 292 294
5 16 33 34 43 50 52 59 75 83 90 103 105 117 136 137 142 143 144 147 149 150 153 165 169 174 179 219 220 235 236 237 255 260 265 267 269 270 292 298
2 6 10 23 51 72 76 82 84 88 93 94 115 117 120 124 143 145 148 154 156 157 160 173 176 180 183 189 197 219 223 239 242 244 253 257 261 262 268 273
5 6 8 24 47 53 55 71 72 77 85 91 96 98 102 122 127 128 138 145 157 158 159 166 167 168 169 173 176 180 195 200 210 222 225 241 258 271 275 279
8 9 15 21 25 39 44 49 50 70 71 75 81 82 84 85 103 112 123 129 130 131 151 154 162 192 198 208 209 217 220 227 228 234 240 243 260 264 294 296
3 10 12 19 25 30 33 34 40 43 52 64 67 74 78 108 119 130 137 140 141 143 150 175 182 207 214 220 223 232 241 252 255 270 275 282 285 291 292 294
1 6 11 25 35 37 56 58 76 78 90 93 102 107 117 132 151 162 163 175 177 179 184 207 211 225 226 227 233 260 262 263 266 273 275 277 278 280 283 292
2 15 18 22 45 46 52 53 56 67 80 98 110 119 120 122 123 124 128 137 140 148 153 160 161 165 185 198 207 209 215 231 233 248 250 260 264 275 286 290
11 23 26 43 47 49 69 73 78 80 82 89 103 131 134 149 153 159 169 170 176 183 186 194 199 201 203 218 222 223 226 238 239 247 255 259 272 273 279 295
3 6 8 10 11 14 20 22 26 28 44 53 61 64 69 85 89 100 105 122 125 134 138 140 145 167 181 183 201 206 207 212 223 237 254 260 270 273 280 293
2 4 13 18 20 25 27 35 53 56 68 73 102 104 112 115 156 161 164 167 173 176 186 190 194 196 199 203 207 209 210 220 232 248 270 271 279 284 290 293
12 16 17 20 29 31 32 35 38 41 44 69 71 78 84 89 97 110 117 129 145 153 154 190 193 196 215 216 220 223 241 248 259 260 271 272 275 282 286 288
4 17 24 27 47 49 66 87 93 97 112 113 121 123 125 138 151 161 164 172 182 199 206 208 210 211 219 220 222 241 242 243 249 252 263 273 282 284 287 298
17 19 22 23 27 31 48 59 60 63 68 73 81 85 91 120 126 127 133 142 161 173 179 199 200 210 214 216 222 223 229 233 234 251 264 278 279 283 286 297
12 13 21 27 48 54 60 65 66 69 70 74 101 112 114 116 125 127 138 141 145 161 170 171 172 175 188 197 201 228 232 235 236 238 248 264 265 275 279 297
0 5 15 20 23 24 34 48 51 53 59 62 66 67 75 96 98 102 146 148 156 180 185 193 200 201 206 208 213 225 228 238 247 251 266 267 279 286 297 299
0 5 24 25 43 69 85 88 98 101 108 110 117 118 150 153 160 168 169 183 192 197 198 200 201 206 210 214 219 223 227 231 235 238 249 254 262 263 284 287
5 12 13 14 15 28 46 62 74 86 91 98 101 108 114 115 118 126 135 151 168 177 178 181 188 190 192 196 204 207 214 218 233 244 267 277 286 292 294 295
1 2 10 14 20 35 38 51 63 68 69 76 82 86 87 101 102 103 116 129 139 151 165 169 182 184 191 202 204 214 227 230 257 265 269 274 279 280 282 286
1 16 46 50 54 66 69 74 78 87 88 95 98 111 117 122 134 148 163 164 181 186 191 198 202 203 217 223 226 228 229 232 238 241 244 259 261 282 285 292
12 13 21 25 26 42 49 59 62 79 84 85 87 99 105 110 122 130 137 153 155 157 159 175 178 182 184 186 195 215 217 218 220 224 251 252 261 262 270 277
0 1 5 10 14 18 28 34 52 62 72 79 89 100 111 125 126 141 152 159 162 170 175 182 185 189 198 206 210 212 225 226 227 243 257 262 263 267 275 294
19 29 35 41 47 62 63 69 73 76 78 83 86 120 121 127 129 131 132 135 144 166 174 184 191 197 199 203 204 215 241 246 258 270 273 280 288 289 293 299
2 9 22 32 54 59 81 82 91 108 109 112 113 115 138 140 144 147 157 162 176 180 182 185 189 212 213 215 221 225 229 232 236 244 255 256 287 293 295 297
0 1 8 13 24 45 57 58 59 61 66 68 70 74 75 78 83 91 98 99 102 107 108 114 115 124 170 186 194 195 201 202 203 223 235 240 255 259 282 293
6 33 36 39 44 46 54 58 64 70 71 87 89 92 93 94 98 100 113 119 120 128 137 140 160 177 179 181 202 206 213 227 233 238 254 255 259 263 273 292
15 21 22 26 35 36 45 46 56 68 73 80 94 104 114 117 125 126 128 130 145 156 160 164 165 170 177 178 185 186 203 205 217 231 233 273 276 281 287 291
0 1 14 18 23 49 61 68 77 78 79 80 87 94 100 104 114 118 121 131 133 137 138 146 153 154 156 179 197 201 209 223 229 230 235 236 245 264 275 285
14 21 27 49 52 53 59 72 79 80 83 91 94 100 102 104 109 125 130 137 146 150 167 173 180 185 186 191 196 200 206 220 222 232 262 264 266 282 297 298
8 24 30 36 41 80 81 90 92 100 118 122 125 148 160 162 173 176 190 198 208 223 225 226 230 241 247 255 256 261 268 276 281 282 285 287 294 295 296 298
0 5 14 34 42 54 56 63 68 87 115 116 123 138 141 144 147 156 158 159 171 173 176 189 191 195 197 202 212 214 223 238 241 245 247 269 270 280 284 292
3 7 11 43 52 59 63 65 70 78 81 86 107 114 117 147 149 151 158 177 196 197 199 205 206 214 216 221 222 228 241 245 246 260 261 275 281 287 289 296
2 14 20 22 42 52 53 64 65 70 77 88 91 106 118 127 128 134 138 162 166 168 172 173 179 183 190 201 206 217 220 224 229 245 246 247 269 274 280 296
22 28 33 35 39 54 77 80 81 83 86 96 113 150 154 161 164 172 174 180 182 189 197 199 222 229 232 234 237 252 254 266 268 276 281 285 286 288 291 295
3 12 18 19 21 27 39 70 84 96 115 119 133 138 140 152 154 156 163 166 176 183 206 207 210 214 237 239 250 251 253 262 265 266 269 280 287 293 294 298
2 5 39 41 42 51 66 75 78 81 83 99 101 105 109 131 135 143 150 157 167 177 187 194 197 202 212 220 221 246 254 256 262 270 280 286 287 292 293 297
2 5 7 12 14 19 29 40 51 58 68 89 109 139 143 147 149 154 160 164 172 175 183 191 197 199 205 206 210 211 213 224 226 235 245 246 252 258 260 295
16 22 23 33 54 60 63 71 77 84 99 104 106 108 112 115 116 119 121 125 148 152 155 156 167 188 192 210 214 215 216 217 248 257 259 264 265 269 289 296
5 6 9 17 36 37 40 48 52 69 74 78 79 93 101 109 116 124 130 137 140 143 145 149 156 195 199 200 212 220 222 223 226 231 235 274 275 283 286 291
1 14 21 33 55 65 66 69 78 79 89 92 93 100 104 111 112 125 126 144 145 146 148 156 163 177 178 182 187 194 199 222 240 244 252 254 257 266 271 295
19 21 25 33 40 41 42 43 46 50 54 55 56 63 78 89 98 99 106 118 128 132 145 153 156 165 176 181 199 202 203 208 215 217 239 253 259 267 273 294
13 16 23 24 34 35 41 50 65 77 86 92 102 107 122 124 128 133 149 160 167 180 183 190 193 208 212 217 229 232 244 247 249 250 260 261 271 274 291 294
18 20 22 24 36 43 65 70 74 81 89 90 94 95 97 101 108 113 114 120 123 126 127 130 133 136 137 140 144 145 150 165 178 182 193 209 220 244 245 270
5 6 7 8 12 21 24 27 29 38 50 54 65 71 76 78 88 89 92 99 131 136 144 157 169 173 175 177 178 181 186 193 202 203 215 225 255 276 284 286
7 23 24 25 35 41 42 43 66 88 96 100 107 114 136 138 145 169 171 174 180 182 190 204 206 215 228 240 249 253 262 264 265 266 271 277 279 280 290 298
2 4 11 13 14 22 23 48 52 55 60 62 71 87 88 90 106 125 134 135 142 151 157 164 177 180 200 207 210 248 249 260 264 270 272 274 276 278 284 296
1 9 36 40 51 53 64 67 68 79 81 83 88 92 95 97 107 108 131 138 143 147 168 188 204 208 210 221 223 233 240 253 266 270 277 282 285 293 294 297
3 9 14 19 21 26 28 36 41 54 60 61 65 68 78 93 95 99 100 106 122 129 134 143 151 156 159 172 181 182 188 189 190 217 226 227 239 245 251 274
4 14 24 33 39 43 45 57 65 68 82 95 97 100 102 111 122 132 137 156 193 197 200 209 216 219 223 225 228 229 245 247 271 276 279 281 286 289 293 298
1 3 6 7 13 19 22 33 37 47 51 61 63 64 65 73 75 89 90 109 113 118 124 140 150 155 156 163 166 181 203 211 222 239 242 250 274 278 279 287
14 15 24 38 42 48 58 61 78 94 104 107 112 115 120 133 137 139 140 141 142 147 153 166 175 177 178 194 196 205 210 211 217 218 235 245 246 251 288 298
33 42 54 55 56 58 65 76 83 93 99 102 115 126 133 134 137 138 150 152 161 168 177 183 197 211 216 224 226 239 243 250 251 253 254 258 263 275 290 299
10 11 15 31 33 34 60 64 65 67 69 72 76 88 108 111 114 117 120 123 133 149 152 160 168 169 172 173 186 188 199 203 235 248 264 268 275 288 290 297
3 6 7 9 10 26 30 32 36 52 58 74 84 93 94 121 122 123 129 130 134 173 182 185 186 190 197 209 210 211 215 220 223 225 247 258 264 271 289 295
5 21 23 25 29 39 41 46 84 95 97 101 107 109 135 143 144 154 157 171 179 181 184 190 191 194 199 203 216 220 228 235 237 243 250 256 260 262 287 289
1 6 13 50 54 60 70 78 84 91 107 108 116 126 134 138 144 156 157 158 161 181 187 189 194 201 204 210 243 244 246 252 261 265 270 283 284 289 291 297
6 7 13 19 21 22 23 36 38 39 62 99 102 109 110 117 123 126 135 151 155 159 165 172 177 182 187 189 196 197 198 209 221 231 234 266 274 291 293 297
3 17 42 44 50 54 55 63 67 88 90 96 105 108 117 128 131 132 137 140 153 164 167 175 176 184 195 198 200 206 214 215 226 238 262 263 268 285 288 290
0 4 5 9 23 25 35 40 41 68 72 73 79 84 100 124 135 144 151 153 178 219 221 223 226 227 234 241 242 248 249 254 256 258 271 274 286 289 290 297
7 8 29 32 36 39 42 48 51 72 75 79 91 95 100 101 117 120 125 132 136 139 146 153 157 158 165 199 207 217 219 220 224 227 247 264 265 283 292 293
2 6 7 9 21 30 44 50 58 59 69 84 95 109 110 128 132 139 141 172 176 181 183 185 199 200 212 222 226 228 230 232 237 250 254 259 271 273 280 288
7 10 17 25 46 48 61 66 81 101 105 107 114 118 125 130 131 137 138 140 141 151 154 178 179 182 193 202 206 211 214 224 225 227 234 245 262 272 289 296
4 12 16 18 26 38 39 53 56 61 74 77 85 90 134 140 141 143 155 156 157 165 166 177 184 200 208 217 227 233 239 243 244 256 261 265 267 273 291 299
2 12 25 37 39 55 65 69 83 87 97 98 104 106 112 116 138 149 151 153 155 171 178 197 198 201 205 206 208 209 219 237 240 241 252 256 260 265 276 292
1 5 10 14 17 42 54 101 107 110 114 121 133 135 141 146 150 166 171 176 180 181 194 195 197 207 214 215 216 218 219 221 223 226 238 241 245 265 280 291
10 15 23 27 28 36 37 38 41 43 45 57 66 69 71 74 90 97 109 110 116 122 128 133 143 147 148 159 161 164 172 173 180 189 197 235 262 277 281 298
0 4 10 15 21 23 27 28 31 49 61 66 68 74 76 94 126 129 130 143 146 147 148 149 157 168 172 175 179 186 198 209 210 215 227 228 248 257 276 286
1 5 11 13 18 20 21 25 35 47 52 55 64 73 78 82 83 97 100 116 126 131 145 147 153 156 180 181 203 211 217 228 237 244 247 269 271 286 298 299
9 32 34 50 52 53 59 63 71 73 87 92 96 104 125 137 139 145 148 171 175 178 181 197 201 213 216 217 222 236 242 250 251 259 262 274 290 293 294 295
1 3 13 20 22 30 36 44 51 57 68 70 74 87 88 96 100 104 108 124 138 146 168 169 170 175 183 190 196 212 223 232 238 240 242 251 253 270 283 284
5 16 22 59 74 75 82 84 88 91 99 101 103 110 134 150 156 160 167 173 176 179 180 182 188 189 199 204 210 221 224 244 245 255 258 259 266 267 276 297
6 9 11 12 13 28 30 31 33 34 47 53 74 80 84 90 104 109 110 111 120 132 134 142 148 150 178 180 196 202 206 213 215 235 238 260 266 272 278 279
7 8 13 14 17 26 29 30 42 43 50 58 62 75 83 99 101 108 115 116 122 124 132 154 161 180 184 191 201 212 219 224 231 233 259 264 275 288 289 290
5 16 20 32 37 51 53 59 64 67 82 85 89 100 103 109 113 115 128 130 140 152 155 156 169 170 175 181 191 197 200 202 218 242 243 260 267 268 272 297
20 22 23 31 34 38 49 56 57 59 79 94 101 110 116 122 128 134 142 176 177 179 182 188 195 198 199 213 215 217 233 246 248 251 257 258 264 277 295 296
22 30 31 42 49 52 59 67 69 74 79 88 100 104 106 107 114 123 143 144 150 165 175 179 189 196 197 206 212 217 222 241 243 252 254 255 261 264 278 291
4 11 25 38 45 52 54 56 62 65 74 76 93 107 109 113 124 126 129 137 140 149 158 160 169 176 190 197 212 216 220 228 231 235 240 244 257 269 286 289
12 16 19 32 33 46 55 59 64 65 76 79 80 81 89 97 106 117 122 134 137 146 149 150 166 177 182 198 206 215 217 220 224 231 236 238 260 262 292 295
4 7 27 39 40 43 53 54 56 59 61 64 74 76 87 88 89 100 111 112 113 114 117 121 124 125 136 138 139 158 173 179 181 224 240 250 272 275 284 294
34 39 44 50 55 56 65 74 75 76 77 91 94 107 115 119 123 138 145 146 150 155 166 170 173 177 178 183 197 200 210 228 235 240 241 254 265 274 286 290
6 27 30 31 42 43 47 49 60 72 75 91 97 102 103 106 112 117 131 134 147 166 167 169 172 183 191 199 209 216 218 228 240 251 254 257 266 268 271 291
4 8 11 51 55 58 73 76 87 91 95 101 110 111 124 130 144 150 153 170 172 175 177 183 210 216 221 225 234 238 245 248 254 259 267 271 272 273 279 295
1 2 7 9 18 21 41 77 79 82 94 100 124 134 135 141 149 154 161 167 181 183 190 192 199 201 203 205 214 227 240 256 260 270 273 280 281 284 285 296
10 12 19 25 36 41 42 60 69 78 83 101 110 114 117 122 124 127 128 136 138 149 150 159 167 175 184 204 216 225 235 237 238 241 244 246 263 284 287 288
2 6 12 13 31 36 40 45 47 50 51 53 63 68 88 97 106 108 109 118 128 133 135 157 174 186 187 202 216 237 242 246 251 252 253 258 280 288 290 296
8 14 22 24 34 41 42 52 56 78 80 108 113 121 128 143 147 153 157 159 162 166 167 177 183 201 219 233 235 238 240 260 261 262 263 272 282 287 292 293
3 6 9 28 34 47 48 50 73 78 80 81 96 105 114 121 142 143 147 148 151 157 185 191 203 215 221 228 231 232 245 250 251 261 267 270 277 279 291 297
0 6 8 10 13 35 37 45 51 52 55 69 72 74 79 84 93 116 122 124 147 153 171 173 174 177 211 225 228 236 239 249 251 263 267 274 280 284 294 298
11 22 32 37 39 40 41 44 46 53 58 66 73 74 76 79 101 103 106 109 119 121 131 133 142 144 146 179 185 213 215 218 229 245 260 276 279 288 294 295
11 18 20 46 58 98 100 106 117 118 124 125 128 130 133 134 139 144 158 181 182 187 191 192 198 206 209 218 225 230 234 245 251 257 265 274 275 278 291 293
20 43 51 63 78 83 86 87 88 96 101 106 109 114 118 121 124 125 127 143 150 155 158 161 168 184 185 193 204 225 232 234 236 237 239 255 260 275 283 285
9 13 21 30 31 35 57 72 91 97 98 100 102 111 112 123 129 132 144 164 171 178 179 181 182 199 209 235 241 245 248 261 262 271 278 280 281 287 294 295
0 5 6 24 26 34 65 84 90 93 96 99 105 125 126 129 130 133 139 146 157 164 166 173 185 196 207 209 216 217 224 230 231 243 265 274 276 277 283 287
1 18 37 59 62 69 72 74 76 77 81 84 88 92 101 106 107 110 116 147 150 161 167 178 184 185 188 191 193 200 207 218 231 234 236 237 244 260 288 290
0 25 36 37 46 54 62 66 76 98 108 111 116 123 126 127 159 166 167 168 179 180 181 184 185 206 207 218 219 222 223 252 260 263 272 275 277 285 286 290
2 8 18 26 28 33 34 41 46 57 77 88 89 91 108 119 120 126 128 143 153 157 164 173 177 187 188 194 221 224 241 252 258 264 268 270 275 284 288 295
3 8 22 27 47 58 60 68 72 74 83 87 93 96 114 138 145 149 155 159 161 165 174 177 180 192 201 206 214 226 230 233 236 246 247 271 287 289 296 297
3 6 10 18 26 42 44 63 76 85 89 110 117 133 144 145 147 151 154 181 183 185 193 194 207 209 225 228 243 251 255 256 260 272 280 286 288 291 295 297
1 2 4 7 10 11 21 39 40 42 43 44 47 50 67 80 93 100 101 103 112 115 118 122 182 188 201 207 210 213 220 221 226 235 240 254 264 267 294 299
3 14 21 22 30 35 42 63 77 97 103 110 112 119 128 137 138 154 155 159 163 170 181 186 189 207 213 225 232 234 235 238 255 258 265 277 283 287 292 293
1 4 27 37 42 45 78 85 93 104 105 110 114 120 131 134 139 144 145 147 160 162 169 172 176 179 180 184 185 191 210 211 245 256 265 268 273 282 294 297
3 9 11 16 28 37 42 55 59 72 89 93 97 107 108 113 142 143 150 152 172 177 185 188 201 214 217 227 228 238 239 240 246 249 251 262 271 273 291 293
1 2 12 21 29 41 50 61 71 73 76 77 86 88 89 91 98 101 102 106 107 122 124 131 137 147 151 185 192 197 203 207 214 218 235 245 256 265 279 281
0 5 11 26 39 40 42 45 48 58 69 73 97 112 116 120 128 145 148 149 166 169 171 172 179 182 184 198 199 200 213 214 223 234 236 238 250 257 261 274
3 4 8 19 30 32 48 49 59 68 70 72 76 92 106 121 123 126 133 139 148 153 156 162 176 192 194 199 210 212 220 224 232 235 247 250 264 276 291 292
15 28 32 54 58 59 70 72 96 98 100 111 113 122 124 130 138 141 144 146 153 163 169 181 187 199 209 212 215 224 234 237 240 242 244 253 269 279 282 299
23 34 45 52 54 62 72 79 81 95 96 108 109 112 114 116 117 126 130 131 132 133 134 139 140 154 181 188 206 231 240 241 246 247 258 261 263 288 293 296
0 2 16 18 20 36 48 52 56 58 62 67 86 96 105 116 120 135 137 141 144 148 158 160 175 183 193 194 202 204 209 215 225 234 243 247 250 281 282 294
5 16 26 33 51 52 53 68 82 83 84 85 92 96 100 104 108 123 128 153 157 163 166 178 186 223 230 241 247 255 258 261 262 270 271 275 278 289 294 296
9 10 26 29 42 47 54 86 91 94 98 119 125 128 129 151 162 170 175 182 188 193 196 202 208 213 216 232 243 248 250 264 266 268 271 273 290 292 297 298
4 6 11 16 24 27 49 78 81 102 107 108 110 112 115 117 127 131 132 149 153 159 160 163 192 205 215 220 225 228 231 240 254 259 264 270 284 285 296 298
3 9 10 20 22 24 26 36 39 55 66 67 73 74 86 99 104 111 113 117 145 146 156 161 162 176 181 185 192 211 222 240 246 247 248 268 272 288 289 290
2 5 7 20 33 60 61 64 68 71 72 90 92 97 109 114 118 119 127 150 154 178 184 187 206 221 226 240 247 249 258 259 262 268 269 273 277 287 293 298
1 7 16 17 40 45 48 80 90 96 100 103 111 146 148 155 156 158 162 167 170 178 181 189 194 216 217 219 220 234 237 240 241 256 263 267 277 278 280 290
1 6 20 24 39 50 71 74 83 87 90 94 97 98 107 119 125 129 133 135 141 146 154 157 170 176 177 185 187 190 203 213 242 243 265 268 269 275 282 292
17 28 36 49 63 69 73 77 78 83 90 94 96 108 110 113 122 126 136 138 157 169 189 191 192 195 199 205 213 214 216 226 238 249 256 258 268 277 295 297
8 14 18 21 23 43 56 60 61 67 78 79 93 97 100 102 113 121 125 131 138 144 155 162 163 164 181 187 190 195 199 206 224 243 245 246 248 258 271 283
4 5 13 14 25 29 33 40 50 61 62 65 71 73 80 82 83 92 93 111 139 150 166 177 196 199 204 211 230 243 254 256 267 269 273 274 275 281 295 297
0 2 16 50 60 61 67 72 76 80 88 92 94 96 114 128 129 131 143 151 152 156 158 159 161 168 171 172 185 189 193 208 210 229 231 235 260 272 281 295
4 6 18 21 24 27 42 48 63 64 73 78 81 84 86 92 95 106 110 116 128 133 141 154 164 168 173 183 185 193 199 217 229 243 267 271 278 282 287 298
0 12 17 49 51 77 85 95 97 109 112 113 124 127 149 152 160 162 172 181 192 204 210 215 223 224 225 231 232 233 241 243 257 258 265 270 284 287 290 294
